-0.03333333333333332
-0.03333333333333332
-0.03333333333333332
0.0
-0.06550434356064651
-0.022236016365594826
-0.11039366765188224
-0.05411464252197478
-0.14160613404718547
-0.028948041715717764
-0.06545866748395704
-0.03333333333333332
-0.222243785857488
-0.03333333333333332
-0.02979268296209687
-0.3175850759504516
-0.14771018328675783
0.0
-0.1105063176024712
-0.05824536020976645
-0.07888213565701
-0.0687203213143772
0.0
-0.11741010991948088
-0.11121726397463463
-0.03333333333333332
-0.03333333333333332
-0.12913417020098183
-0.10356948376248241
-0.10353656504422948
-0.061983218912836716
-0.03009366175379893
-0.0990140470723408
-0.043294357228224056
0.0
-0.03333333333333332
-0.07250154026968186
-0.14609611577075252
0.0
0.0
-0.1882112648413519
-0.08537946251823264
-0.03333333333333332
-0.02873190397231538
-0.025893289687809927
-0.05272718764552439
-0.09510330747599136
0.0
-0.02424704529089976
-0.03333333333333332
0.0
-0.057389052510004465
-0.11129194554231764
-0.10372861111071466
-0.0703025988947221
-0.050292909836061876
0.0
0.0
0.0
-0.03333333333333332
-0.08040293510630686
0.0
-0.049696421762171844
-0.12038393731317582
-0.038829342522786345
-0.06762104629144286
-0.08995017653252638
-0.03333333333333332
-0.015667134571329327
-0.03333333333333332
0.0
-0.06952409047023465
-0.049806742289565255
-0.03218633647406704
0.0
-0.08607742221726383
-0.08378831203470968
-0.09243207397531863
-0.03333333333333332
0.0
-0.04615415527276685
-0.03333333333333332
0.0
-0.055057001418609655
-0.05368601916960277
-0.16336386718563334
-0.03333333333333332
0.0
-0.05666413692629496
-0.03333333333333332
-0.0479711746699757
0.0
-0.1121484253473211
-0.12400373282157645
-0.10242968318269663
-0.023441521016716177
-0.03333333333333335
0.0
-0.022885792521682564
0.0
-0.07397335508383746
0.0
-0.035410624994686
-0.11629435642382824
-0.03333333333333332
-0.0750768779366906
-0.05490886857725108
-0.12724196363808835
-0.06984125413705991
-0.042423679525466995
-0.05167463579285332
-0.03333333333333332
-0.03711761040188786
-0.08944162206368259
0.0
-0.03208657189589387
-0.10467472015577156
-0.14689364063241508
-0.04998476566565811
-0.10000985153687282
-0.03333333333333332
0.0
-0.033333333333333354
0.0
-0.06806262097840766
-0.17614746664354558
-0.11710065735049377
-0.04201455976519723
-0.1698268757824235
-0.16006597152834806
-0.06651044742813966
-0.03333333333333332
-0.02051976842294529
-0.08630087292959823
-0.11995277114572418
-0.03964338852661418
0.0
-0.021326665397772906
-0.03333333333333332
0.0
-0.03333333333333332
-0.02481071572520859
-0.09005383666642502
-0.09585287364804068
-0.03333333333333332
0.0
-0.06071558950521902
-0.03333333333333331
0.0
-0.03054057718816604
-0.04364148488875521
-0.036742677130081475
-0.017860997019466703
-0.03863205271622001
0.0
-0.06558736592759373
-0.08867017529686805
-0.08341187445680268
0.0
-0.1098569347211511
0.0
-0.02142122811863826
-0.03251638593750903
0.0
-0.1459432549406279
-0.05433682038407112
-0.07565645351501382
-0.1599902560317903
-0.040718186722562576
-0.0932329306787972
0.0
-0.11307449233973585
-0.08351939819458898
-0.02702961437106649
-0.13738010628998396
-0.09942046037582383
-0.03333333333333332
0.0
0.0
-0.020138414321927412
-0.02801835822636005
-0.10168984691983338
-0.19114595264152606
0.0
-0.03333333333333332
-0.03333333333333332
-0.020475359208412088
-0.029608979881423553
-0.07663262928979556
-0.019720661317011234
0.0
-0.03333333333333332
-0.03333333333333332
-0.14864497339623028
-0.021466447898965204
-0.0528486224192466
-0.02284754652032906
-0.05406042267790803
0.0
-0.04318899106862236
-0.018941226440058634
-0.04929999825867989
-0.0849715840180033
0.0
-0.10972748132654649
0.0
-0.0619189054832809
-0.04567274483446116
-0.0766030870764457
-0.03333333333333332
-0.16881128779043944
-0.10040949605880929
-0.04878672947364514
-0.04784670985458661
-0.04145840963557865
-0.07064467936431833
-0.04131087057174924
0.0
-0.14193346006689722
-0.06761566888625185
-0.027663000401949425
-0.03333333333333332
-0.027215108975851734
0.0
0.0
-0.0670542418902848
0.0
-0.09653568981389421
-0.13610469994528168
0.0
0.0
0.0
-0.08156677798128867
-0.0182641290891451
0.0
-0.040829772512302194
-0.11963013245497216
-0.03595296897260173
-0.07501470650989325
-0.15959297618907498
-0.040584424176404954
-0.03333333333333332
-0.09721835121555025
-0.07792975817562141
-0.04350870062403256
-0.08193315766109796
-0.08315533288027979
-0.03333333333333332
0.0
0.0
-0.011292615315036255
-0.1148899864269264
-0.028336765740534165
-0.06882543662623188
-0.03710398283163142
-0.16543244368331492
0.0
-0.03192261289228361
0.0
0.0
0.0
-0.12473631017254234
0.0
-0.07505290396863398
-0.11442056343301571
-0.045621653041215945
-0.05705100164710174
0.0
-0.1342975031979573
-0.06023881273820019
-0.11943017457746116
-0.05383079370786885
-0.08565919519211106
-0.10291988416234193
-0.020253058913605494
-0.11227009682638897
-0.02118508134845119
-0.08209003556430854
0.0
0.0
-0.03316207429126187
0.0
-0.10921279480469846
-0.03333333333333332
-0.02113284688728391
-0.09243315415434357
0.0
-0.28975546759070525
0.0
-0.11576521560945491
-0.05922032494592785
-0.03333333333333332
0.0
-0.025987300076391138
-0.12010046350192721
-0.05497437244526505
0.0
-0.16369134685033512
-0.01983734845245719
-0.02372346516130197
-0.03333333333333332
-0.030150491459215504
-0.07384909348314743
-0.04022678166616503
-0.09024681470438174
-0.1568828344333737
-0.13423112236718024
-0.11815302462601385
0.0
0.0
-0.05564458786485582
-0.1762145016675256
-0.037233573724468276
-0.03658000166133267
-0.09396491983071378
-0.11154684782795576
-0.0605199075495967
0.0
-0.13352792890126117
0.0
-0.13169948137073176
-0.04742983156598296
-0.034409349749573624
-0.08312703499746035
-0.02276049500467753
-0.13701629237887564
-0.1533564158692331
-0.045367663871195896
-0.03333333333333332
-0.09959608713791174
-0.06789104545092356
-0.0676352900761496
0.0
-0.030399330624332043
-0.043823533923124665
0.0
0.0
0.0
-0.1076685781226058
-0.1038567725747771
0.0
-0.04348724030448292
0.0
-0.1105328264307637
-0.016388402357981162
-0.013972127943680883
-0.03333333333333332
-0.03372360730137824
-0.1432750001068899
-0.09525731999265535
-0.030451547655497114
-0.04157038928013503
-0.05720582079321943
-0.23904635690724568
-0.03333333333333332
-0.07409551375384836
-0.03333333333333332
-0.0741187914082716
-0.07243599357887492
-0.032196280611353274
-0.029437925278280368
0.0
-0.15601491005476836
-0.05785082094904644
-0.09519917856159758
-0.024185343027066413
-0.09907446598607499
0.0
-0.02269831739503394
-0.05754983279964676
0.0
-0.05098529184676571
-0.04989254557095414
-0.05447044782075902
0.0
0.0
-0.05604068908374067
-0.12319386845321423
0.0
-0.0614270068107762
-0.1405742638155638
0.0
-0.06259937588501875
-0.03333333333333332
-0.03333333333333332
-0.03752892604691831
-0.18035637813896832
-0.09768944769885365
-0.06666666666666665
0.0
-0.06818117857931733
0.0
-0.020846497407308356
-0.0632764956254909
-0.037150343857969996
-0.08397613915922347
0.0
0.0
0.0
-0.17202153635033857
0.0
-0.19355846274765817
-0.01608705090608859
-0.030247743188017834
-0.0897186922834161
-0.14169514731236132
0.0
-0.07981100506555486
0.0
-0.03333333333333332
-0.19665147260629726
0.0
-0.03668728700086193
0.0
-0.10250105945696777
0.0
-0.06703309828652022
0.0
-0.05418873825984865
-0.09230535169219793
-0.13078193505720395
-0.06507033702711218
-0.13862711364160638
-0.20577167315753336
-0.04013681550622635
-0.02092800743436449
-0.07063493799666046
-0.09378825106587396
-0.07063082626509043
-0.03333333333333331
-0.023742384091150776
-0.03928542119789592
-0.120533044697625
-0.03333333333333332
-0.0933661006268785
-0.06133785670626375
-0.03616755151834818
-0.08682648114153559
-0.05694136433807363
-0.01886904817611174
-0.06746776325133796
-0.03333333333333332
-0.03333333333333332
-0.018770666381985303
-0.08172638391942603
-0.05412319360676803
-0.050811956370153094
-0.022426913933876354
-0.08951347408297286
-0.11535239004567102
-0.10000000000000003
-0.019146059638875192
-0.05308724855891924
-0.058753365717110706
-0.03333333333333332
0.0
0.0
0.0
-0.03333333333333332
-0.030170985596784956
-0.08860232467920226
-0.03689269529067877
-0.031944576022942345
-0.05070565897447195
-0.06131566959751657
-0.023827404556978488
-0.02907560822801488
0.0
-0.06616370626162751
0.0
-0.06486299459211095
-0.17130042792538536
-0.06970652712302203
-0.04177865277596255
-0.03333333333333332
-0.03333333333333332
-0.04495766814574442
-0.04306379611596277
-0.04505677128001894
-0.05525491509542687
-0.0558149313668575
-0.02972375466747984
-0.0951051010334438
-0.1679837704995364
-0.05518872803324499
0.0
-0.03333333333333332
-0.07762472261155373
-0.05558480698149035
-0.03473003276103133
-0.05614682695937072
-0.054922646145245516
0.0
-0.023139655330473876
-0.08848049245813494
-0.04107399687805382
-0.06470196105247242
-0.07547879555371106
-0.03333333333333332
-0.030091604811181227
-0.07274475685105361
-0.23278100771085272
-0.056900145755302896
-0.03333333333333332
-0.09829756808815758
-0.045450961749011136
-0.03924146173673345
-0.019158003890925358
-0.024849652614119012
-0.01282618282575695
0.0
-0.14546569422477396
-0.20068479918242482
-0.01993026129686167
0.0
-0.04263045083889558
-0.11134950408416708
-0.15653754065838593
-0.04939252271033973
0.0
0.0
0.0
-0.08501733921707523
-0.029334019618838317
-0.07026526975489897
-0.11715395821977412
-0.13913316464894537
0.0
-0.08097236177068734
0.0
-0.0409677148856743
-0.044004163862646085
-0.15876755047954005
-0.13760212065607075
0.0
-0.08443629596306113
-0.23985268834050455
-0.10232695809140147
0.0
-0.07052541451710505
-0.03333333333333332
-0.12664285004195205
-0.034184875171344956
-0.029613711961376233
0.0
-0.17370038505994914
-0.11115125535850816
-0.07623840266896284
-0.1434183123401456
0.0
-0.13471572321331546
-0.03333333333333332
-0.025960047012820096
-0.08367666465910686
0.0
-0.11978093548950461
0.0
-0.10874673847499898
-0.11934533128826613
0.0
-0.03333333333333332
0.0
-0.03333333333333332
0.0
-0.03085095809845452
-0.06258923844759452
-0.035946668635676096
0.0
-0.027500792147054302
0.0
-0.04791849108808821
-0.13651462316005905
-0.08211751595040079
-0.03635361185533258
0.0
-0.029363973436465133
-0.1018739680664902
-0.0438633248491993
0.0
-0.09576789547544189
-0.07957597868742199
-0.03220463229070595
-0.02049619021897274
0.0
0.0
-0.07597655098429174
-0.05439017189624723
0.0
-0.12083170962851411
-0.07177703179370382
-0.08641486117588493
-0.03333333333333332
0.0
-0.04022272861766233
-0.020096175275366248
-0.021144044588367692
-0.018714295088710354
-0.06984168634717884
-0.03333333333333332
-0.020265012324048638
0.0
-0.12875526562188622
-0.03884363095670516
-0.29958203655067056
-0.1685253142568633
-0.10000000000000006
-0.07585288411705407
-0.28169931272722865
0.0
-0.03961946049705984
0.0
0.0
-0.1315655554974107
-0.044293494821800214
-0.03333333333333332
-0.06455785815357401
-0.0971633213720282
-0.01274004900392203
0.0
-0.05234076046822662
-0.12434943960647912
-0.060507548291311976
-0.07979724586142453
-0.03333333333333332
-0.11312448616365331
-0.0802670738591694
-0.04924406458906784
-0.0896443920503919
-0.26394565628788563
0.0
-0.06017044741760381
-0.05072758510539484
-0.021538109469728572
-0.02688262648742312
-0.07275081957527853
0.0
0.0
-0.09703866026817992
-0.03801966984162687
-0.023308251509734593
-0.034690815299327556
-0.07065181271744118
-0.024434582510870734
-0.046014255258098026
-0.03884747174358418
-0.061620789051051714
0.0
-0.03564856252193272
-0.027754240895232103
0.0
-0.06745045954190976
-0.05701483546229372
-0.09574482005233984
-0.08339473230091822
-0.03302026256585456
-0.018366928510734206
-0.03333333333333332
-0.016082063221483162
-0.106304770289667
-0.07036583815125734
0.0
-0.10027763117842513
-0.026559269337685848
-0.03333333333333332
-0.017078719821954334
0.0
-0.1277955631315511
-0.06098617003490707
-0.10109552251574441
-0.1092510597285424
-0.1816611675987317
0.0
-0.16574656288603706
-0.022982018192213557
-0.06819996517957931
-0.09950856133929482
-0.06773186778493791
-0.09910560530985865
-0.03333333333333332
-0.05090749773081342
-0.08712261216056025
-0.1712384525627081
-0.04930162011088614
-0.06450083196692132
-0.040006136893452976
-0.0649635131504398
-0.07357225217700396
-0.17480481145251348
-0.1126312234167468
-0.12356066082794931
-0.03333333333333332
-0.09211394666801054
-0.08781308963940992
0.0
-0.035801761613595225
-0.037588696766967404
-0.06552131968496058
-0.019246640160492014
0.0
0.0
-0.07599261489528532
-0.05650433407715476
-0.06357513810335616
-0.04139153053825561
0.0
-0.029384383970407154
0.0
0.0
-0.03333333333333332
-0.1261229904806907
-0.10176022808724185
-0.03333333333333332
-0.08108133147666462
-0.19941660542873768
-0.11264121985673517
-0.0749704220102485
-0.21281814205617244
-0.02425108627540017
-0.054834631054035396
0.0
-0.1447250524836424
-0.09872133031417103
-0.017854299322407202
0.0
0.0
-0.023260006844421553
-0.10089676629063532
-0.020677475682636084
-0.17545350132543155
-0.1705947016558141
-0.07776800275824693
-0.19709602602440202
0.0
-0.03312434389367881
-0.038047562541109345
-0.05304789063601554
0.0
-0.05898293254702092
0.0
-0.03599976382100292
-0.021102358482160518
0.0
-0.08208086812884649
-0.05317490262901232
-0.02455642092852415
-0.061856339674972595
0.0
-0.02555493485625877
0.0
-0.03333333333333332
0.0
-0.13194701475032328
-0.19719081233095442
-0.1451536248324127
-0.020227461853549816
-0.1828182028375816
0.0
-0.03703918616109068
-0.08550308663202114
-0.1483881750430377
-0.05038624803861195
0.0
0.0
0.0
-0.08173081946194086
-0.022001075777237658
-0.022737655835052828
0.0
-0.025043309782731924
0.0
-0.023618758802426493
-0.09660015305392884
-0.03138382523292058
-0.001959641991715693
-0.06324891489294575
-0.06283107355575115
-0.060292516369413955
-0.05877373153251419
-0.14120124465261075
-0.021568559010664286
-0.03333333333333332
-0.026262587529216105
0.0
-0.08233873660526184
-0.032109853389545986
-0.18149290651268526
-0.10187096002024014
-0.03333333333333332
-0.02202595820296923
-0.06466553853240448
-0.03333333333333332
-0.06731709827210851
0.0
-0.11292529764675488
-0.033333333333333326
-0.016591542056455754
-0.09725302324357442
0.0
-0.024910169226263823
-0.03333333333333332
-0.09849591667292383
-0.028794219432590987
0.0
-0.052063477185888225
0.0
-0.028573794627949897
-0.030444267492968087
0.0
0.0
-0.017023774711939763
-0.12360340254982949
-0.05080660361772435
-0.07335800044945257
-0.03333333333333332
-0.030769368381688925
-0.05433633252999083
-0.11467761432758872
0.0
-0.10428977935098001
0.0
0.0
-0.03333333333333332
-0.03333333333333332
-0.03522050263012026
0.0
-0.07634864469955256
-0.024938426899651943
-0.09009372202689447
-0.05786840239677024
-0.09934028235475716
-0.03880054795385043
-0.03333333333333332
0.0
-0.10325774733511409
-0.07656790931609049
-0.04210981167643741
0.0
0.0
-0.05812467189842874
-0.17612036405814527
-0.03333333333333332
-0.02523842958977997
-0.04112834158147249
-0.07442560348340653
-0.09149167291741442
-0.016233496580959197
-0.06434042595616982
-0.06526574850634292
0.0
0.0
-0.15119851526164624
-0.07602402236275779
-0.0701072537047357
-0.05596376239536842
-0.06568453665918654
-0.02631665502118072
-0.025167065037386253
0.0
-0.027278853681244986
-0.03333333333333332
-0.025241071844376024
-0.14432732421379424
-0.08286216589342767
-0.08125097358568217
-0.05771166484261697
0.0
-0.04615671058120488
-0.07134788981210045
-0.05367079001129919
-0.08445301244608597
-0.02016987948120829
-0.04716676494193459
-0.027267180705171583
0.0
0.0
-0.04366000057022731
-0.17030722572138557
-0.06313365432793941
-0.16852258258948988
0.0
-0.023306269285357152
-0.03333333333333332
-0.11032767911216855
-0.02553689604628045
-0.03333333333333332
0.0
-0.04554499640856198
-0.03333333333333332
-0.05875286827090098
-0.07209091909423551
-0.13768908464613414
-0.04567597425816631
-0.027493048136518247
-0.06504694713941744
-0.06722451039295393
-0.024868428687330774
-0.03575043987566931
-0.029934120789727774
-0.07172053453118812
-0.09558943982556717
-0.04361199100486511
-0.18598558654809055
0.0
-0.10498848916286313
-0.12287795641195819
-0.12000046347258311
-0.021692970689717532
-0.03333333333333332
-0.03333333333333332
-0.03333333333333332
-0.03333333333333332
-0.03333333333333332
0.0
0.0
-0.03333333333333332
0.0
-0.05055440312969587
-0.1042826191116531
-0.11582524889634166
-0.13329705292635624
-0.026389824331721465
-0.08975769245602741
-0.03949987343467604
-0.06245446119382337
-0.06670368724050608
-0.0656672973045432
0.0
0.0
-0.04908428899863036
-0.024226959213445667
-0.07227487956480871
-0.03043106008686128
-0.04544094520257154
0.0
-0.020767227878418303
-0.061454927901904925
-0.11493758493956062
-0.2318074537902854
-0.06666666666666672
-0.12523539624463
-0.06134491435595579
-0.024802331973433636
-0.19075210961539754
-0.027025971785997
-0.11086501365799187
-0.0587811031983589
-0.04978872495854767
0.0
-0.13256098790829493
-0.1337165531958044
-0.041224909140852375
-0.03333333333333332
0.0
-0.03333333333333332
0.0
-0.03333333333333332
-0.07859100908199017
-0.03830062743780195
-0.07821922097163914
-0.02254714387022676
-0.08675096864803747
-0.03333333333333332
-0.038431623175399145
0.0
-0.03290922645127151
0.0
-0.19259252127178478
-0.03333333333333332
0.0
-0.05311540895233713
-0.09742580690678335
-0.01778344669112807
-0.05605002875666868
-0.11647856642323375
-0.07022571430272347
-0.14767617823638368
-0.02095667390299145
-0.024979645837195728
-0.07780087764575463
-0.03258581405493216
-0.0649477944568485
-0.1551127695289884
-0.0759983059126147
-0.03333333333333332
0.0
-0.030952028828595133
-0.16956527353503514
-0.07898755151018087
-0.03333333333333332
0.0
-0.044139851447382986
-0.06587722101544632
-0.0222558108481189
-0.12400004599348721
-0.06993638185562714
-0.09120742099173249
-0.03516811315968614
-0.08833586894237981
-0.03333333333333332
0.0
