-0.3021723896288486
-0.1735631281611797
-0.23889981631867468
-0.23315715115853414
-0.18288316719828332
-0.10439079292752092
-0.1621707479820711
-0.08585967073802606
-0.143059690718516
-0.19048347520697492
-0.10174530441574631
-0.2494847761775542
-0.18305753519389203
-0.1472010751172701
-0.22352849513411935
-0.12107797567648988
-0.14608730543387355
-0.2775751129421012
-0.045238631070643576
-0.11245272956222882
-0.21263615251005563
-0.1579234692506093
-0.14646083541533184
-0.2242030336353469
-0.17034942223527239
-0.05766834468362918
-0.23117175105816268
-0.0989813913503168
-0.18976941102515382
-0.17274666673090133
-0.1631061760669543
-0.27377540361528124
-0.06345785009758607
-0.233714740862515
-0.22456742485364412
-0.19091060779865476
-0.17517464413455877
-0.09577310908623655
-0.15792879584912434
-0.1456387120890867
-0.19126000638006005
-0.21892931281670222
-0.14812989276787591
-0.18294191442918722
-0.17309205813457942
-0.280289374819997
-0.1723369456223523
-0.08885087097182878
-0.21914781140673242
-0.13782793408793176
-0.1763703425027573
-0.11660380494882251
-0.19796609992310255
-0.1659942480689639
-0.20923100105622677
-0.3106196236123006
-0.1902305000571095
0.0
-0.14047410676523878
-0.07637534818764932
-0.13376482489606853
-0.1943998703427903
-0.2717372671021024
-0.28411500867610545
-0.06343685810578821
-0.20503931930227673
-0.15468267383686224
-0.10517345121666564
-0.17596858279611155
-0.17148762297563663
-0.3030374100942516
-0.09595499123784226
-0.2545906091781475
-0.10082566801681969
-0.1449993948777484
-0.32882122211028314
-0.16219078723628422
-0.2389281847313399
-0.20654059719303286
-0.14959272224503822
-0.042697722027958886
-0.24796506887675202
-0.044266475720931446
-0.10476649270177191
-0.1537190135814427
-0.1981147961033822
-0.030353068076311912
-0.16112762743245346
-0.22930106538327838
-0.12647426522936414
-0.08897495470869086
-0.26963890063074986
-0.3049137751883012
-0.2357900181186464
-0.2058988617652588
-0.19098067024710638
-0.19405564215130733
-0.27359910530927267
-0.1179113150782133
-0.20660011982253296
-0.16709916675009123
-0.27550944427867663
-0.26183516201419516
-0.20560158784400326
-0.15402128048919522
-0.13668604901328013
-0.12061658404472164
-0.1612236777326094
-0.09833084165550851
-0.11612888351635214
-0.2390420930435727
-0.1271913979527461
-0.15065496219708546
-0.31455405963295113
-0.14597328168312332
-0.1923110018399581
-0.18326785723699138
-0.16855577055517865
-0.2593717509300426
-0.0744062284131467
-0.0865572024451634
-0.056941186356138304
-0.19433721279281013
-0.21104344849347795
-0.08777358600752463
-0.16219592562838517
-0.09683790845435
-0.19538194963620725
-0.15773532658569608
-0.30390997280990456
-0.17193174127726815
-0.1809870102617534
-0.10858344338431225
-0.21494524792428948
-0.14832179662065045
-0.2328479216546128
-0.25055647692287036
-0.18123336190202108
-0.21075021969629906
-0.17128379532977492
-0.26443966768522603
-0.16417995225295967
-0.0115899628301248
-0.2998933367677079
-0.21748986736351472
-0.09703597230350006
-0.2405091314595969
-0.2856969751466301
-0.22801355949810176
-0.22098867267659558
-0.16355102726671292
-0.1560407381589453
-0.16669160729758234
-0.13226708320532088
-0.1803418032854047
-0.11520716425445747
-0.2063150990544748
-0.10007442858157015
-0.24021625799619778
-0.24752720355841454
-0.17716484744835845
-0.01738823544602912
-0.2371786323979368
-0.07448406099936043
-0.205462480345932
-0.16893721535578443
-0.09779328618284377
-0.17324604761004517
-0.028504667479984123
-0.14004735358937864
-0.11070604474830606
-0.16507573949168053
-0.11130857835264657
-0.1548665160216345
-0.16529511762628774
-0.06926017066855557
-0.22421987539777805
-0.12785690236624694
-0.1869962578061303
-0.22868010567922537
-0.22277226525558486
-0.24828894850196664
-0.23073656447734245
-0.22900720636659358
-0.3878437126017524
-0.2992792008417186
-0.20516363870399798
-0.21375668443788434
-0.16962697038777338
-0.2168888101081105
-0.1620344982084073
-0.20618639408654485
-0.011490834688386967
-0.14414894071761658
-0.1616660484180802
-0.20214656673832085
-0.11280427478491178
-0.17938091097312306
-0.2590227876682419
-0.0587987409882143
-0.19866290676651782
-0.2272478006812745
-0.2919270952377262
-0.2167968585979939
-0.1820531596834401
-0.20646095676464954
-0.11574099051560922
-0.2232233420770793
-0.11777388748500844
-0.22329839587701855
-0.27677071227387323
-0.18408208634667506
-0.10940228802098509
-0.12971658217957546
-0.0824073592587609
-0.17247818709051016
-0.1691561084309069
-0.07514062684419065
-0.23587392823010286
-0.17199036763673947
-0.07926082264491882
-0.13068866099931284
-0.17921685510771287
-0.2309461079466181
-0.14537239091558052
-0.15534331961955172
-0.23255005150932928
-0.24624996291914333
0.0
-0.1729646078451587
-0.19585454140915792
-0.10781335613289991
-0.16288052705308545
-0.05885042044466165
-0.15231708583166662
-0.3405048553862591
-0.09242193994948188
-0.14920576092311927
-0.20332731802456253
-0.16059123818485527
-0.18152819803208092
-0.4147463343937456
-0.1961054961087497
-0.1828738016728831
-0.07758895441726746
-0.1587247764815501
-0.17974485306854843
-0.06413894403129215
-0.054791868497935395
-0.3354022217677567
-0.20941247800131987
-0.025259318544663848
-0.08582675173980606
-0.1528469758573761
-0.15848471297353356
-0.1735487362420139
-0.2332191546586699
-0.2348885595674186
-0.025026237088676396
-0.04245420658027312
-0.20295200720324125
-0.18155321449321415
-0.06012414936313476
-0.18578751627248968
-0.2872482104840006
-0.1918473662366984
-0.14479578303411478
-0.0855288343022359
-0.304974773482035
-0.17630390202643492
-0.10322074743341171
-0.12450915508414037
-0.08646394765094444
-0.19093449657472764
-0.30091952733968025
-0.23497424658516072
-0.06760030380586438
-0.2615447641953034
-0.21230622264413837
-0.1328172088737885
-0.17656849918567252
-0.13656098125021604
-0.14850130677648687
-0.0435746427367175
-0.12844101780410255
-0.12233109288989191
-0.19900236403515947
-0.04671846770413327
-0.15144856854685781
-0.1356665519207954
-0.22248322374323776
-0.26618174456113963
-0.20896149190212748
-0.1541526188463583
-0.28665442929152224
-0.24643132342920668
-0.2006986586409846
-0.25051977685983007
-0.2202765982958852
-0.302356321573368
-0.1632135681450724
-0.2553287568308297
-0.09390402163654057
-0.22049911409101383
-0.08690562455428241
-0.1352304001419789
-0.16603891818196503
-0.11583825217497459
-0.06113090836876171
-0.18941324469418647
-0.1741308675965574
-0.16472922112271016
-0.09876156958146773
-0.13570170910727228
-0.0901974269256081
-0.23115625369609757
-0.21285840886606608
-0.12743127572877153
-0.18229754355956868
-0.08566365592779258
-0.18604176103795064
-0.12217894076129898
-0.13624221425752256
-0.12245946457934806
0.0
-0.14407638335268053
-0.1512383540251661
-0.14193140574837676
-0.10217224726527216
-0.08171882896674261
-0.14417067707289402
-0.23443345168775098
-0.21345944130274397
-0.3301600114481977
-0.26932252191082895
-0.12743819223530597
-0.12171543674177009
-0.08842874496404789
-0.16648434033998274
-0.11946684450475843
-0.2867911497649297
-0.1937208783485942
-0.14375529976483692
-0.2076047674652077
-0.12183613449887482
-0.20156956320913597
-0.13304428595814977
-0.2006715915280496
-0.2008287769085826
-0.3494310730221467
-0.21117025790722688
-0.1663398179470512
-0.09160919882444783
-0.17927509857072804
-0.18002336685217057
-0.15705007562816628
-0.08637638220171368
-0.17099274936676637
-0.22784135668569827
-0.15609663801932494
-0.17925272207700912
-0.16308419358052784
-0.13170352455287312
-0.16126337804179597
-0.19254125511082942
-0.18407701662107762
-0.2899641800844767
-0.14853559372444053
-0.15697603601879492
-0.16477942833389392
-0.02564778889423044
-0.19845824017862707
-0.13780516231538695
-0.142948194851223
-0.18992238190690824
-0.09138254416581414
-0.2017652191966246
-0.20907127348482754
-0.2482013077066935
-0.30575061157749306
-0.17324213394423363
-0.07053105318555088
-0.15925085869736172
-0.2255551375710162
-0.10894914244917069
-0.16025967163646848
-0.12903519416715228
-0.2118488024445816
-0.2023313045598475
-0.10633447943513066
-0.2502338650528312
-0.14502387041058526
-0.1969934799851069
-0.2278828848554842
-0.2802640959836325
-0.240689539067668
-0.2251642042595597
-0.11596731202043645
-0.11663232240837663
-0.26086573507951866
-0.14566248790545896
-0.14677097853823767
-0.26563127949437937
-0.26548209067194306
-0.035459824437574484
-0.18365567160263618
-0.22179324102511386
-0.25967555573655454
-0.18735224489266095
-0.0605770223641244
-0.17760121240170376
0.0
-0.14301347026342975
-0.19521360213176708
-0.07230131394577283
-0.1725182729057338
-0.12037968964683618
-0.22369968306586868
-0.19875720588741594
-0.0576068475750898
-0.18911406261361038
-0.22884664420049589
-0.22938091655830994
-0.08955637324414867
-0.1273631771575744
-0.16711322705019388
-0.1121159535359304
-0.13809756098102938
-0.14112100947795486
-0.25072644437126257
-0.09812736808524526
-0.1570635640867589
-0.10588050471747398
-0.16249545371493784
-0.21717202409931732
-0.07895624446814153
-0.18571060332282846
-0.31456041437134463
-0.17100307111825638
-0.10603275823433035
-0.22851184774363262
-0.26285719521658735
-0.022494600986702237
-0.29914803904680176
-0.39657527048122054
-0.29449861770340946
-0.3464325534661381
-0.17397706855866596
-0.14548862976308083
-0.2522918142581848
-0.17699985626899498
-0.15286036557373744
-0.03525661494474357
-0.025412766550396506
-0.16068368604266203
-0.13809816297313196
-0.15204341233266572
-0.0375691949213608
-0.1823691778751201
-0.05938823571867577
-0.2683024624782782
-0.1619213348654658
-0.10452223168048076
-0.19076025895899737
-0.189245787758621
-0.17733261588216642
-0.09165485465901793
-0.14530320212366404
-0.16350642914788754
-0.2061370349520463
-0.0934327803745141
-0.20089764060605164
-0.14237836576671165
-0.14313062708481886
-0.06405257648779263
-0.1553764421813249
-0.06500106550729133
-0.11746295861753199
-0.18449127567499504
-0.15873066693572996
-0.11097771836095432
-0.17986073051184975
-0.10548219121392406
-0.21600316411564188
-0.26917388403412534
-0.2769538634193776
-0.3131911823624284
-0.12620210502163898
-0.2003374448667276
-0.2185392600653033
-0.09104058095513842
-0.12197330216344855
-0.2982501761600736
-0.21862460792629348
-0.153551401933431
-0.0269232501468928
-0.05910782369567831
-0.0563269496115564
-0.15479635726585492
-0.17074705436553494
-0.19661762651479392
-0.10738206825773698
-0.10523306232828211
-0.15123760456885577
-0.07033074612653933
-0.2443208066502503
-0.1668073488209998
-0.1255731855258486
-0.190571179567999
-0.2849700796635518
-0.23313473204292406
-0.21221736067029595
-0.057792478134035624
-0.2460718451803345
-0.3046333159194566
-0.2332225295150146
-0.10662787470847844
-0.11498704992585188
-0.20645115531973388
-0.021466464786376233
-0.18933847678316504
-0.3097493793643642
-0.29063562879143695
-0.1512881123831478
-0.25459117288029165
-0.17983200629091006
-0.19576764059966006
-0.08903596513988923
-0.13446924159935603
-0.18570951543416125
-0.17078094399390925
-0.1509553046977974
-0.23596537884680385
-0.10664039430913755
-0.020134920443171857
-0.1386045439837519
-0.22326360282085178
-0.15633510146829974
-0.2548012514470545
-0.15576407784860333
-0.07721575487122372
-0.2398729855767221
-0.2658105495769961
-0.25372987960000304
-0.03333333333333334
-0.32889305552998743
-0.2573266875358694
-0.07583780260614313
-0.14402854323113895
-0.14828033361361828
-0.1025079984488094
-0.20348221666275124
-0.08956381490571101
-0.08900103895539574
-0.24545498446371755
-0.06747771513874631
-0.2999045620204507
-0.14143739866449534
-0.15229792059196529
-0.13202705002117873
-0.14013921926639822
-0.07057865825166744
-0.15737941972924357
-0.1346443869668687
-0.209152034782474
-0.21106340375634827
-0.09078576314039372
-0.03808014036965518
-0.17887627122652822
-0.2367264203627803
-0.19021161851468382
-0.27979778472163686
-0.18649704568583345
-0.10584645228447405
-0.13078200357553837
-0.16720902615701594
-0.04543762238069433
-0.1269581839911713
-0.19199274654187082
-0.0890276492539625
-0.14471218313909762
-0.20082518769333887
-0.18164550193795428
-0.04941065073954923
-0.16964836744790257
-0.1482750855226322
-0.10591694535833607
-0.12103561883816807
-0.2848058665302605
-0.18654090338033835
-0.20794918653946123
-0.06649498872043978
-0.08449514034001951
-0.2346703527393349
-0.16873770970691432
-0.1624582912504
-0.25853667492663585
-0.1548993705423006
-0.16850319858070828
-0.162421020042549
-0.09271565342889168
-0.17958120955049384
-0.13479113918979788
-0.10570675169586852
-0.3402122472631364
-0.19411061020032377
-0.08694595950473752
-0.2559590399331086
-0.09216707881342709
-0.31114223074990877
-0.033333333333333326
-0.23036714518487522
-0.16019524072074498
-0.12640922331374949
-0.15656330143546737
-0.3065775293153798
-0.2349756790098027
-0.15915505333973884
-0.18211550087920336
-0.13309244374841883
-0.09533088892490488
-0.18689227915984835
-0.09506495410993752
-0.28123068088743497
-0.20859134926243614
-0.12533903129512317
-0.15221510642102298
-0.20961561788648295
-0.1412038348092652
-0.09534451018051862
-0.24167082964726247
-0.29885294959669667
-0.07793878045462371
-0.3660765349750155
-0.10318083293698735
-0.05889054943259716
-0.17877197549667878
-0.1649246389402603
-0.11947193854912361
-0.1746820012613196
-0.158669488225103
-0.17933633773875834
-0.15993906446655368
-0.12136134656407555
-0.17531787160718496
-0.15188837533584215
-0.1674193851084808
-0.17848748554313204
-0.2039620957981925
-0.2834694679777727
-0.17741759709939353
-0.15332948374512106
-0.1861553136051987
-0.16080956744022243
-0.1584967290352839
-0.14174989739535504
-0.15000021182897103
-0.20961095198588367
-0.13419085955633142
-0.18106162335595175
-0.15089730395358736
-0.20889848444119877
-0.11644092554877924
-0.19931236132762747
-0.39890096978748024
-0.14031724703229254
-0.23987211817902335
-0.27942307055305826
-0.12448463296399093
-0.22432939466687785
-0.23343496129321817
-0.1697073693581288
-0.06860099011351944
-0.14613802243949184
-0.19972094670926277
-0.1086472396599531
-0.22262522705559495
-0.14805599444745096
-0.19856207398538936
-0.15948939885712218
-0.3107934780075347
-0.08525451547145946
-0.14770914815529562
-0.07339422697744294
-0.17248443982035744
-0.271329190411292
-0.13492464694571565
-0.19555169254645158
-0.0757405576353199
-0.10198814401912319
-0.2873884767870411
-0.13275845618889554
-0.1186736692627973
-0.17419895532591484
-0.029518133750740465
-0.21866027763819668
-0.12174196452188014
-0.05565099721990799
-0.15446389037038144
-0.20647947771400266
-0.31376712959079855
-0.15494491232904567
-0.1493352178599885
-0.1513941727320303
-0.24139915163895861
-0.14791593503088057
-0.1108481101004244
-0.17188936867958146
-0.08993413579532353
-0.20371658011859023
-0.0997625083344899
-0.14698177775829155
-0.19892776514746915
-0.09571726167962896
-0.13642223213266125
-0.20997241057395355
-0.13194079939887354
-0.026030128813707833
-0.22910992820110082
-0.17980747626894628
-0.16775190412035068
-0.12203734750349488
-0.2703539540582208
-0.1712062182426286
-0.14966584505890584
-0.01968514049618153
-0.12906737371776167
-0.13756037695900342
-0.19426520924301832
-0.19647170967828045
-0.20661004772803232
-0.17532256442637062
-0.11334939680869052
-0.23269854125721126
-0.1321695877753458
-0.022554130696499503
-0.23410264961200003
-0.1733582411815394
-0.25035436425092983
-0.1446996161691801
-0.13973553743515435
-0.2789453066675827
-0.13533539604307798
-0.20719963500061303
-0.24847101893340803
-0.2386672530048099
-0.06518129016798915
-0.3465108111582349
-0.14685978242559677
-0.19939019490852472
-0.172802525859273
-0.17925234283871155
-0.05459607458318051
-0.10395892172310015
-0.3212307900218329
-0.1555527081460491
-0.15110610272925168
-0.19456146064876456
-0.05729156195275331
-0.175052662853246
-0.2125282576317389
-0.20975785952745513
0.0
-0.16361031693108963
-0.1388179596301174
-0.07226317025768948
-0.08254680441526913
-0.23252760258856822
-0.2107469052353191
-0.15711169198332262
-0.21428404982251487
-0.13248700678433695
-0.12011760368096311
-0.12269565634828884
-0.03103091101160265
-0.1794402515296919
-0.07278340615897047
-0.20974476452494495
-0.17155364117494448
-0.17309292767809653
-0.03520057955697246
-0.2113509532372285
-0.18754951231981173
-0.1539938848447041
-0.1531486427567344
-0.2339939005579349
-0.1777645877481311
-0.33592820629142844
-0.20956075170812874
-0.2699778764204688
-0.2160218812827211
-0.16982318205800162
-0.2112107739596737
-0.14852335765393612
-0.2313310289115383
-0.11020909834315121
-0.16841411936286915
-0.15365252745346986
-0.038236683778757954
-0.1188257634331381
-0.2110686691104788
-0.16660385472941885
-0.20103965103808447
-0.19569110963393865
-0.1468784471972265
-0.23756069245359038
-0.1924826056016666
-0.12487681675813918
-0.1529602805874652
-0.12125504886286873
-0.07896327778012092
-0.21343381581712037
-0.059922306423272835
-0.12338811278960135
-0.17366898129069314
-0.13635026614030596
-0.23571081535398236
-0.132236133542038
-0.13158091856206622
-0.20831087771636456
-0.1678838086611306
-0.11939708484432233
-0.1061511182040511
-0.1878703941807635
-0.11439488791636798
-0.1663306901762308
-0.17393620322932332
-0.1669018919617091
-0.13300746387188486
-0.16584667212257456
-0.0465329914267786
-0.15150202237728416
-0.16656736821573762
-0.22599241922018076
-0.18881441533531287
-0.1679036550066677
-0.3277729562789012
-0.25829426698749486
-0.21931038414919074
-0.205344448985389
-0.18669949627455507
-0.11069258946480105
-0.2682206336720655
-0.13846379609533935
-0.15843714758284014
-0.18924798709944532
-0.4843432357218626
-0.2364024867046921
-0.1262630570310209
-0.10920710687548027
-0.24496217442798243
-0.11707412010934742
-0.11351120004764201
-0.21782169478280491
-0.13958189457309467
-0.0702804024165936
-0.3301449117248913
-0.13999821432778703
-0.15459010466572326
-0.20589676406241372
-0.2056452999086007
0.0
-0.23467045078661217
-0.16421223751887687
-0.11299956523960306
-0.21511246518100202
-0.21012141999525671
-0.17499648350298233
-0.16090234396529535
-0.18193645511097917
-0.06780784344535969
-0.11517140273647948
-0.1470890390036037
-0.11220515792328163
-0.34576216693821343
-0.08369263948329145
-0.25526111361511045
-0.20829348153852564
-0.15387379917196403
-0.17999820481552656
-0.09531868613192902
-0.28330097718919
-0.11886583637201732
-0.1657078588205282
-0.263251042649174
-0.10661902510464302
-0.1426560914725583
-0.18500322102123887
-0.3221174829835053
-0.13422973710722277
-0.3302661953357236
-0.12033617127300543
-0.10280985643665805
-0.24496680039715626
-0.25791772502375654
-0.20941190576664998
-0.09631969854796074
-0.20394498071181916
-0.27841922886480697
-0.16453054544092768
-0.095049000907381
-0.2984300014285161
-0.2165117164407834
-0.23050248446350302
-0.2518336189407743
-0.09564177635418453
-0.3604362513093716
-0.1352991017723915
-0.1241030971272671
-0.15628666745666528
-0.1679158696959226
-0.2491740420306046
-0.1867248086149751
-0.155052629566936
-0.06635277810942916
-0.36353534977659957
-0.1877835426973447
-0.20421839030148342
-0.09095422149312155
-0.0956240934079242
-0.1615966968149989
-0.13503402185464908
-0.17730620966997065
-0.1733730608731603
-0.20996409234729133
-0.13053323232637615
-0.2666201046037813
-0.05314686660765785
-0.25664833344045634
-0.21203555295052612
-0.1703563915272176
-0.1287638364917477
-0.12662672562925925
-0.15322571020385506
-0.33915383541375466
-0.2297456109721116
-0.2395505940044867
-0.10529095373873154
-0.1808606292006289
-0.09540883035273598
-0.1987182212047826
-0.2071222330433391
-0.22589382638837838
-0.14527863002346805
-0.4022267709619925
-0.04022597544778221
-0.20757226554975602
-0.15730491794591725
-0.13956146953132612
-0.16407015965907049
-0.16383961013488962
-0.22839453386889066
-0.19964445127707794
-0.10482355926932833
-0.22618432275905018
-0.2709460537051679
-0.21858356545575156
-0.15312070655498222
-0.2426975865649483
-0.0279724585374486
-0.3436876424896279
-0.11560186835452099
-0.27592559089921553
-0.1865507599258134
-0.51537354856678
-0.06099405897013952
-0.327903746034481
-0.09393372878939814
-0.21566342292296725
-0.31348691048338695
-0.18566876850415254
-0.28577426866021244
-0.19259200177297295
-0.29551441468405554
-0.2574087967617425
-0.02347377685638974
-0.18211584475528478
-0.1027608975164345
-0.09742875594322188
-0.1903246124089261
-0.1778569377810471
-0.13965192326940404
-0.12502540541306112
-0.23125929023649922
-0.12158291368239318
-0.15806304706781427
-0.21017271189785997
-0.05351187124505091
-0.23463501442118118
-0.25453863724837233
-0.22931706112636424
-0.145571914099416
-0.19586186859919857
-0.14160180624615235
-0.038840692340114
-0.07954895398459202
-0.1570000653212096
-0.02121355334370922
-0.02791137711450944
-0.24880849769149654
