-1.012259681823479
-0.8966395115573693
-1.2582211949437856
-1.576865812873566
-1.2693974324887551
-1.3061484277164035
-1.0983654411795232
-0.7745606994723926
-0.33760074011897834
-1.1157829335794163
-1.5620161300694395
-0.7088610371768375
-0.4521511004019946
-0.4555875620292221
-1.4043244827765546
-1.03483806588703
-0.8390045756927591
-0.5415844016705038
-0.2413438318671965
-0.21001829344920714
-0.5000000000000001
-0.49999999999999967
-0.9639435562442523
-0.49999999999999994
-1.4084745077499228
-1.229431858068946
-0.5632180317952035
-1.797264550086355
-1.6321980572480328
-0.49999999999999967
-1.6346766341318482
-0.9257053542276782
-0.6964040110079864
-0.4269662398557772
-1.2161049926911192
-1.203598114525597
-0.7086232729250549
-0.5114392526558049
-1.136889463883297
-0.4891644654642937
-1.035238024919565
-0.8768319780610934
-0.2948911787489839
-0.6294177625252934
-0.7061008556860242
-1.1523901238925796
-1.594398157144833
-1.2869658490196723
-0.635866606292465
-0.8064416175776313
-1.4892238246102323
-0.4114917713823603
-0.7581167839355054
-0.7837364211071787
-0.49999999999999967
-0.49999999999999967
-0.457978142602387
-0.5100020295163435
-1.2757445033269692
-1.0021083165103721
-0.7649968338707679
-0.9728241589958653
-1.119275432486112
-1.0531808713506303
-0.6192281697234591
-0.49999999999999967
-0.8406357561265414
-1.8749773092745774
-0.710062981851069
-0.5756387391480821
-1.0251719031556992
-1.629446047341168
-1.2871462334525552
-0.5523905232884307
-1.3373283053010019
-0.49999999999999967
-1.5501475895842194
-0.7554256879360545
-0.8452569694002665
-0.9491375640658097
-1.161916280779959
-0.9724943392519676
-1.1303369015516225
-0.9998691121876502
-1.2340733710615477
-1.2315748150418284
-0.7995327840856432
-0.7800616185527678
-0.9157639181673084
-0.6748439114413455
-0.8066827901861983
-1.0122597063463734
-1.22300860544654
-0.715390361041054
-0.9556451517578803
-2.255634314203308
-0.9213161452501601
-0.2666666666666647
-0.908104264145485
-0.49999999999999967
-1.3783381561017007
-0.434726514291424
-1.6853707273729128
-1.0233338276455242
-0.9526779147275457
-0.7361029096440511
-0.677083121489704
-0.49999999999999967
-0.837357113101338
-0.36426473310497637
-1.4113803226408346
-0.3881362319037749
-0.5
-0.47457094845086834
-0.8003288408494252
-1.0771481657481108
-0.41255814885224146
-0.5036810351331574
-0.9755801668086371
-0.3691919425303118
-0.6244261248582026
-0.49999999999999967
-0.9523307176280337
-0.9382568962304347
-0.8238807227876606
-1.2769653092177038
-0.5702393876348206
-1.2257431300966077
-1.158630505054827
-1.2632810468366205
-1.0540506811587274
-1.2771697972584137
-1.1930887447174028
-1.0744784050618061
-0.6896687583284773
-0.49999999999999967
-0.40865898221595076
-1.6450573625273033
-0.49999999999999967
-0.7959678766892289
-0.9730356219784903
-0.49999999999999967
-0.49999999999999967
-0.44238152371173134
-0.7391208237989019
-0.8464411460833846
-0.988594679109139
-0.7513918675226787
-0.9006182220903114
-0.950503127244107
-0.8374160790665128
-0.5741093910229694
-0.858283163172762
-0.5000000000000001
-0.4301086872965303
-0.970099089630961
-0.2915415313751232
-1.7715630219428216
-1.1756672764585419
-1.261245729026919
-1.744496588300784
-0.43858990131592823
-0.6460639732547877
-0.5466154470718492
-1.086554791207842
-0.9206358433587478
-0.8231118884842842
-0.9210790826396703
-0.3607851322540484
-0.7791870132636544
-0.6745999729069059
-1.345937694882619
-0.49999999999999967
-0.49999999999999944
-1.1532854751928399
-0.7535819071272587
-0.836675938651339
-0.7421652897616197
-0.4289099310336659
-0.28343552726007365
-1.0624474843730762
-1.2892698954267487
-0.5
-0.7406392757283807
-0.46186703827068226
-1.0307264614386729
-0.41166774789065386
-0.6743180825768857
-0.5794277875463719
-0.3666666666666649
-0.49999999999999967
-0.9890550566750299
-1.2522134539259069
-0.49999999999999967
-0.6519741605976438
-1.0715502538265003
-1.5897908208899345
-0.3621467185415168
-0.8895859094430121
-0.5000000000000002
-0.46666666666666007
-0.41950087550119924
-1.3638697448952297
-0.4932356934253388
-1.0180051204313239
-0.37001408488484866
-0.5495413389285957
-0.6781687986904676
-0.5624535024291162
-1.1358788801050128
-0.49999999999999967
-1.1711416233375056
-0.571107020398603
-0.8464819817091658
-0.7746588190288333
-1.3579085674400526
-0.7458346501962605
-1.0025431626161871
-1.254882684492342
-1.4631547994592895
-0.6293567938768183
-0.671193366885125
-0.6164394548229883
-0.3701677761203156
-1.1692475693432829
-1.3606668051175603
-0.8320330646525843
-0.49999999999999967
-0.09015125572869354
-1.2987498424153912
-0.6729125264939891
-0.8138522747417001
-0.062205062457206375
-0.9912873578369953
-1.2542411409164356
-1.233879420867609
-0.8615973300480022
-0.9148488984113776
-1.0691475864376834
-0.7013175010393332
-0.5461606617572495
-1.2982791279361197
-0.9360234405113282
-0.4333333333333326
-0.7447020552663846
-1.4277798789800773
-0.39999999999999075
-0.6270845563459879
-0.7641569236350186
-1.2688520733240036
-0.7635126210946324
-1.2736674940825792
-1.020520426641235
-0.6333050406050132
-1.1482175107708226
-0.8147987043058049
-1.3498330299932573
-0.6392600197286159
-1.2141031249502814
-0.7305386113581805
-1.2705936296717182
-0.6633546378253129
-1.0304093197412068
-0.872466532469022
-0.8847814881069787
-0.9441194256800323
-0.7986469716003625
-0.9354904774805912
-0.5262189273120208
-0.9866391253091014
-1.452331110571424
-0.9826634142062904
-0.8166569081484001
-0.6080538286450475
-1.8275520138957122
-0.878354794603048
-0.628057766886519
-0.9390422822668504
-0.49999999999999967
-1.5130605375934316
-1.7486329636593225
-1.4259354682360639
-0.6906720300351391
-0.49999999999999967
-0.9936135331559982
-1.3901081886081803
-0.3000000000000002
-1.0549328315367157
-0.41618913367517035
-0.3513490109862426
-0.49999999999999967
-0.5734401412227496
-0.7094632790053198
-0.512418647192644
-0.9882390762544583
-1.0678009837290174
-0.759123724383623
-0.880238924336944
-0.35460547565684347
-0.8506799842418852
-1.3105613837824797
-0.49999999999999967
-0.9574613573943825
-0.9338831596031194
-0.7581418331412176
-1.4379169227168775
-0.5605637073776143
-1.8859890901694276
-1.1290919923217757
-1.2896440793930177
-0.7557545086657435
-1.8479475197689965
-0.9279093443355808
-0.9303890322094249
-0.4999999999999998
-0.3675749309737314
-1.1190891433569323
-0.6332252554070367
-1.1176980181259841
-0.625441377891172
-0.9194330867650534
-1.0444956096901372
-0.7998674630470934
-0.9471201052358688
-0.4509208782341998
-1.013290670325898
-0.9472039677975304
-0.6035827008496761
-0.49999999999999967
-0.5595058615404991
-0.1668344265673245
-1.0750620017376118
-1.0199587369971668
-0.9316172091197723
-1.3962324232888685
-0.8267459858158598
-0.49999999999999967
-0.9468657134913129
-0.5193246024450059
-2.1302807158899415
-0.9913239619679113
-1.2230940911985027
-0.7780242157906082
-1.3654791867650713
-1.5135843104405307
-0.49999999999999967
-0.9249428621829608
-0.6306514097158957
-0.6241109998979861
-0.7663412032199961
-0.6967627052440372
-0.8883978068972987
-0.8932341948316063
-0.5187296241283038
-1.2090975477720458
-0.7066551347183259
-0.6754993067412227
-0.9271802013333295
-1.221004425362145
-0.906747905333036
-0.5611905034767931
-0.818396719780969
-0.6348528618422876
-1.1197286929682901
-0.7079900121813381
-0.8718503320814385
-0.48502894453871487
-0.8236860771039399
-1.7066046788413067
-1.160485298729349
-0.6055471157951886
-0.6165916820078469
-0.9049777199894253
-0.8927365347971126
-1.0166832073801404
-1.1070175031005183
-1.0733742788089564
-1.290558989212716
-0.5599576112553772
-1.1854174029238111
-1.1584039418416947
-0.7290754042457851
-0.39545575589012405
-1.666634267259819
-1.1647160007680104
-0.6642653827698122
-1.26200169528664
-0.7785983863060109
-0.39450918509261107
-1.0913382080426277
-0.6473629530005043
-1.3290585153350096
-0.49999999999999967
-0.5122475867801681
-1.0065165395704079
-0.5633518397747462
-0.7839137543139973
-1.0451775203526241
-0.38834797408805577
-1.3402647741082998
-1.2199941973689472
-1.5944493996849638
-0.6346939283231307
-1.3153848690299759
-0.9918827810837039
-0.8482470466358184
-0.22531870221528036
-0.9939038603678217
-1.1596799882262818
-1.1257431544227092
-0.6053034758372586
-1.0707450376220957
-0.10367711084768563
-0.4135969456721209
-0.8880936848765304
-0.3835857372207032
-0.49999999999999883
-1.6778190468909135
-0.49999999999999967
-0.5112801606155077
-0.6222538349187298
-1.6235871299042897
-0.8029815360045846
-1.1624058863170956
-1.2197271175670072
-0.4123882835724479
-1.26202116301764
-0.7875286806822516
-0.6028003479965038
-1.0960422085571242
-1.0126953816709094
-0.8375745697764811
-1.6323974358998352
-0.46878858636179405
-0.7579924333150364
-0.6728694478477616
-0.9270816697927656
-0.49999999999999967
-0.49235951744262413
-0.5000000000000002
-0.5000000000000004
-1.0292050313704781
-0.5052237251929511
-1.9139802693462977
-0.49999999999999967
-0.9816155170763229
-0.8191310228902324
-1.0806540380973777
-1.5101483539036236
-0.7868709750484816
-0.7730058501768389
-0.703061760931443
-0.5071924603591859
-0.9667676745838183
-0.8585886280089465
-0.9272268389437456
-1.076640672546129
-0.41646267676093435
-1.148791679612815
-1.0649587181822697
-1.227449536826367
-0.5000000000000001
-1.6580990627309184
-1.7543851228167997
-1.1215516572631636
-0.45176322625733295
-0.8825745110142724
-0.2429626565618337
-1.1724366191444668
-0.5824944629212613
-1.474423445888009
-0.5206207371991467
-1.2470538311454509
-0.8218344554824228
-0.376541733952904
-0.9139550950900376
-1.524143811534081
-0.8116481052423321
-0.8604050992739553
-1.1918737299379132
-0.9516579420951623
-1.3922336285604784
-0.9373438186252396
-0.4866684381162546
-1.2161593563503066
-0.5000000000000003
-0.43480881564482493
-0.927226886813648
-0.9534700930318832
-1.1362184077724935
-0.8928555993252201
-0.9985525439650065
-1.5871841513785263
-1.054584906685819
-1.3510022367609293
-0.3756368672448177
-0.5213857089614599
-0.8255639098434465
-0.8819780950107975
-0.6369279074551102
-1.3504255479513516
-0.519150201493623
-0.954405772142826
-1.3560591781132343
-1.1986031919390763
-0.7780245966677983
-0.823616706246057
-0.3209136645008872
-1.342852597277764
-0.6711345758230199
-1.362847167157072
-1.7657898427089367
-1.1067150358246856
-0.6500297786834424
-0.6533870005028046
-0.8300649076313305
-1.4493890231449558
-0.912898508437885
-0.6780121829438661
-0.49999999999999695
-1.0310830512385167
-1.034603385981011
-1.1896587404202572
-1.00365008698202
-0.7947218645008252
-1.0422555267065223
-1.2047388402017019
-1.1956644241610783
-1.2023299373432645
-1.1539162138852326
-0.3112904950214955
-0.9940524019282385
-1.0266224406496884
-1.1853202675984222
-0.49999999999999944
-0.6629969634570064
-0.45718759967274697
-0.5083220130369593
-1.1398537709772594
-0.5940657510635476
-1.6634251954951451
-1.0199290133049042
-1.6093922236268443
-0.928277192762331
-1.4138462615272354
-0.6239330978545176
-1.0977585584641096
-0.7613380068867096
-0.5064514584735879
-1.2493073378749049
-0.39999999999999464
-0.23675178703728328
-0.8882366350940382
-0.49999999999999967
-0.329571902119049
-1.2339465995276842
-0.843790329381167
-0.9054471802072328
-0.8521347848989493
-1.02295891013437
-0.36880606841553815
-1.0317900056684002
-0.4999999999999998
-0.7642173029678665
-1.2248660040267272
-1.2209352244721623
-0.720926376684538
-1.3719983247532979
-0.9320885167283229
-0.38828950411331226
-1.03642204655968
-0.923646715947045
-0.4579780483133281
-1.0854088594425486
-0.48781578479876464
-0.5371260608721646
-0.8799223906814162
-1.6231215631770137
-0.41380503905927546
-0.8755566098468909
-0.5000000000000003
-1.2299956102006042
-0.7436738394624874
-1.5319827170340459
-0.5906375699716551
-0.5882426684293645
-0.95123290400359
-1.0053296452576581
-0.6521379170987678
-0.4177914617604597
-0.46666666666666645
-1.6537548317559683
-0.541350317154883
-0.931890457228215
-1.153790196517647
-0.6667505279716801
-0.6223141960418738
-0.31414344677930317
-1.0055098469962211
-1.0181909910003237
-0.49999999999999967
-0.9809128585358193
-1.4846448607517022
-0.966157632380985
-0.9560309642704221
-1.5001878653593406
-0.8508576543827284
-0.42900559989469744
-0.49999999999999967
-0.8802390003751179
-0.9291485259958965
-1.0825228465578036
-0.8066855871697318
-1.4087682855395178
-0.9189842182291936
-0.7840493645256384
-1.1363269666241766
-0.7895254589270183
-1.024635831010381
-1.260339251573146
-1.7922167166207292
-0.9626098875984646
-0.3156463680473903
-0.4953533784638446
-1.226073658710353
-0.5000000000000003
-1.0872830738541546
-1.2251845179821679
-0.39604024148538675
-0.49999999999999967
-0.22495230574026198
-0.49999999999999817
-1.182434290686125
-0.795590035362705
-0.8266770208550335
-1.5761475459112315
-0.6054649469047281
-1.1430672054732691
-1.2382705289212912
-0.3714802601587655
-0.909278296125174
-1.668781823670328
-1.0293867275817912
-0.958513110008489
-0.8069185001965454
-1.6183418866380004
-1.230041069323099
-0.09049234419019166
-0.6436699470597065
-1.2593741223374413
-1.0069644043200525
-0.5000000000000003
-0.4120163372808036
-0.8503965764743449
-0.9270338845712561
-1.009866954590341
-1.0542930055822255
-0.42891044614360346
-1.1604711280786004
-1.150364879784819
-1.029993673430837
-1.9183934823112865
-0.3014119760671483
-0.5000000000000001
-1.491658110403583
-0.6100809761836883
-0.2355829621892784
-0.47684194728485313
-1.0535930197537804
-0.6794859395930006
-1.0782983931902572
-0.8101310471979841
-0.8782192665740316
-1.1740792137407765
-1.0195155862996148
-1.347792471339875
-0.5457350114335253
-0.8342039379796404
-0.5351763040309744
-1.3494275181075814
-1.331309267617395
-0.2941272760301256
-0.7691808192657631
-1.175351323231261
-0.7649819537252832
-1.0917638951185848
-0.8118348640061633
-0.6811124179326286
-0.8311686275395548
-0.5728550207416858
-0.9645916027819117
-0.230844732344095
-0.8514161957121875
-1.00148035811969
-0.4999999999999952
-0.773126739589941
-0.28948823067032603
-0.5102024666315038
-0.36666666666666353
-1.0594058543758296
-0.8026148446632901
-0.21655498098766118
-1.1503591862098665
-1.0160857334370448
-0.5504828627475565
-0.8614855049858725
-0.6499457181666153
-1.6212084152774293
-1.3057923751033735
-1.5419842468142648
-0.49999999999999967
-0.9726251883717411
-0.49999999999999967
-0.6338815435435278
-0.49999999999999967
-0.7402700349536685
-0.6089937434258561
-0.572855017335269
-0.35291321915691504
-0.4290034265278251
-1.2895050509064665
-0.49999999999999967
-0.5368965024741021
-1.3007728573446442
-0.7736624170948282
-0.5000000000000002
-0.9720498401633426
-1.283119683659527
-0.4363360872936441
-0.9721205742905832
-0.9601305913797555
-1.2041005145898729
-0.5000000000000003
-1.0118890318887275
-0.9827012373752344
-0.657865479330045
-0.6198692566044075
-1.009866121889103
-0.7612098324083824
-1.0888140865043132
-0.49999999999999967
-1.1698108255155266
-1.0098669484833522
-0.6881141685529594
-0.4581746562706015
-0.8640993709232097
-1.2381962592086317
-0.6199461394704348
-0.5269904786345152
-1.3863082926880856
-0.8619689372262709
-1.5028920103104995
-0.5684153891210276
-1.2867707078903616
-1.0802095384142956
-1.0432614849703647
-0.643796130443316
-0.6080510350481162
-0.6352128472461195
-0.5553015656259501
-1.041226575525452
-0.8127460822207356
-0.6667622394558795
-0.7605052860076452
-0.7394537792410748
-1.089830326695206
-0.9433252997070349
-1.2780357134830056
-0.5553415800385548
-1.3840895602617351
-1.1403294501515215
-0.4999999999999998
-0.3883480609351484
-0.49999999999999967
-0.4290028819253804
-1.4150800874533713
-0.6441505382960114
-0.682405595776744
-0.6914607194367309
-0.9500783217221698
-0.4124248294553936
-0.49999999999999967
-0.8217886019375333
-0.5000000000000004
-0.9783750042031221
-0.9866446488952695
-0.8799165593646073
-1.0881119550037215
-0.7827848897567387
-1.017495939466179
-1.0154682193703604
-1.463275447810461
-1.0501257428657849
-0.43796333807447774
-0.9466574009757028
-0.8375872634220699
-1.1139612536497692
-0.18991848771586217
-0.9929763310840022
-1.258552896973136
-0.39596778599509896
-0.9229338502870227
-1.190772952129647
-0.5785865242797226
-0.8844721756447054
-0.6193845902982424
-1.3861247626161823
-0.7869952448602325
-1.0035358313616174
-0.8219812257405537
-1.3178225550386293
-0.5
-1.049396252293369
-1.0535134317257593
-1.0262486463211795
-0.4366438593651033
-1.3977334419310188
-1.0098669546646974
-0.5826459926468149
-0.7798566710768431
-1.7342621232101463
-1.0718025093329944
-0.8765478885424671
-1.0579909641966434
-0.774797369307439
-0.7705508098834888
-1.2269303151685778
-0.6830802654304783
-0.29498087259746064
-0.45526616565039907
-1.2937775843895736
-0.617596271684685
-1.0200551279806311
-0.48830539591929867
-0.4173835082629879
-1.6331220274048697
-1.7883440255890841
-0.7217033858281333
-1.0321187172969162
-0.49999999999999967
-1.5930177850598364
-0.49999999999999967
-0.5700380831385874
-0.9773784776845121
-0.8265690298225453
-1.2614313924699554
-1.1673094051927673
-1.120457011657292
-0.5548609854742658
-1.0500618985132975
-0.3843689081858071
-0.3666666666666667
-1.1791394444363488
-0.8381657872255959
-0.65819833170031
-1.8173161157105795
-0.6306514994120012
-0.5
-0.37866107506068586
-1.224256689019017
-1.0090087398327576
-1.6540263883573059
-0.693832436757045
-0.4699459059825894
-1.0096307305367798
-1.386066868231416
-0.8823486505683593
-0.9272268828923041
-0.569049853968915
-0.5
-0.8191216914033357
-0.49999999999999967
-0.8779009306724689
-1.2229605086789235
-0.8821692435416277
-0.39229373190900124
-2.0643152209237448
-0.3764901089375125
-0.6456723302243043
-0.758099974847859
-1.3704378035644365
-1.0262981314232362
-0.8691544711985281
-0.39901259308634096
-0.6778180925777433
-0.6558496792919859
-1.37317773974345
-0.3620047924446599
-1.1411388400749916
-0.49518486268042194
-1.8733747920829826
-0.49999999999999906
-0.35906121599574214
-0.8471408979900107
-1.1506273882905342
-1.121089615078548
-1.0041118470865118
-0.8109413911524889
-0.44678595244077307
-0.3832363805616791
-0.3732377926243599
-0.5
-1.0685492735266087
-1.5087404879266133
-0.9242945329759781
-1.0122597072776036
-0.1529032690776156
-1.3758570762059577
-0.9263467228216623
-0.6091584264379393
-0.823992903226764
-0.9272268944048521
-0.2555900464814355
-1.0098438429207295
-0.7463829006373789
-0.36447974066538336
-0.5000000000000003
-1.0575457034808668
-0.49999999999999967
-1.594893701313993
-1.5176580937522797
-0.6115138136511656
-1.2534082765787689
-0.6959946341572973
-0.5480790924460397
-1.3532868572348695
-0.8716019267915407
-0.5656974361139567
-0.9456005057800911
-0.4999999999999998
-1.7533891934465267
-1.2931844794391432
-1.136763624835844
-0.7064597610742882
-0.49999999999999967
-0.3640522373386144
-1.0849793177026508
-0.49999999999999967
-0.6474642748453112
-1.2505703675874855
-1.4034846367815055
-1.197135604802798
-0.49999999999999967
-0.920310346444501
-0.49632559225021866
-1.5118434562959697
-1.4756686056860409
-0.9368074834615022
-0.3546305724867952
-1.6255769649315472
-1.0038190426780582
-1.142634398288235
-1.6092976232892813
-0.4999999999999999
-0.866265159664474
-0.7280617473334808
-0.31667527379670146
-0.13628698506837025
-1.151690305419893
-0.5560641159784714
-0.6631154543451143
-1.3302681156479979
-0.49999999999999967
-1.360491445621611
-0.4999999999999966
-0.25455475110098313
-0.8546368407688327
-1.2023295687807174
-1.1886356767752329
-0.9710456085069739
-1.39832548812994
-1.4343124122604363
-0.7969546843543596
-0.3330141133612815
-0.8663043034995713
-0.47997961224428
-0.8927868639090581
-0.5638204059622033
-0.4793709001295024
-0.7285753046686071
-0.7515587316132605
-1.6331665285310242
-1.729622093475874
-1.0396606272715039
-0.9934814469457242
-1.1004332581848963
-0.703359428637553
-0.9935735888009181
-0.6480808530712439
-0.4891664714908296
-1.4705339922949707
-1.9426262873079077
-0.8828728794493459
-1.0132537355743834
-1.4417173543285862
-0.8309197512750671
-1.2643147032975033
-0.6969071895625308
-0.49999999999999967
-0.5965763201883941
