-1.1875573272304125
-1.4354828480338935
-1.5832382062893438
-1.778323534312849
-1.1508198564165113
-1.5166152203845646
-1.1027395040916685
-1.3300298254960614
-1.3801389572017968
-1.2660120830384465
-1.749282447497298
-0.9922525024223084
-1.5780911693331359
-1.401106700814688
-2.150336980643225
-1.0137373712469466
-0.9857120304767651
-1.2083293655174818
-1.5565530652631
-1.798048267596861
-1.411290251738757
-1.1916824046314949
-0.8267913180246175
-1.557778249453346
-2.3130875027799456
-1.8811955148632786
-2.0655693294348305
-1.605461762200694
-1.0695229777693238
-1.4521113778308035
-0.9721404447821163
-2.236330481523764
-1.0708485400957723
-2.31859847007468
-0.9817172472632313
-1.6929152179897926
-1.9025297697147496
-2.0702644226099576
-1.9380422195255458
-2.535053433346322
-1.2300529865078056
-1.9802862136507557
-1.2064864880020605
-2.0627463093012417
-1.6072260488481034
-1.2449327359209863
-0.9422982917877258
-1.5273563452043213
-1.196944680557451
-1.481365536977712
-0.5481137490883818
-1.2349450591945854
-1.529632955865362
-1.3258811207862582
-1.3005997560157665
-1.089555595936492
-1.2311778435254266
-1.2838519214426967
-0.8629763101964039
-0.7997469823320453
-1.4070962721788691
-1.1608518209763512
-1.7674738583486191
-1.0964903527032772
-1.21462693937021
-1.5602471553346535
-0.6978987703258216
-1.3052197432015211
-1.3758285503559649
-1.6255308688583265
-1.1727212925719888
-2.0359860256739823
-0.9721404521585472
-1.1759740928893647
-1.286828170058408
-1.1958063300386639
-1.6339463018341207
-1.3282020781452921
-1.4052362520658894
-1.4594639181886695
-1.4887497982958793
-2.0227406472116423
-1.3949518155124003
-1.6244796628876588
-1.8422106538496503
-1.2699639584440297
-1.6123739564765165
-1.3216342031405905
-1.6517696784025702
-1.202891034008041
-1.4207024464735216
-1.4613197344160798
-0.8548679416240665
-1.9551038741606217
-1.2632434634352454
-1.5577309162870268
-1.796709047753618
-1.6590266745363123
-1.7324858511758126
-1.1316719402006739
-1.3985121891653418
-2.1687604219371743
-1.477993252596995
-0.9794063294060276
-1.9198271882460185
-1.1345916527071926
-0.6871603847032519
-1.2009489647862468
-1.5930361741610002
-1.5830931279451848
-1.6487260533819745
-1.0950842299438763
-1.6464421269477125
-1.0708485358119046
-1.6026779637819315
-1.1514245413742534
-0.753035107512786
-1.0866284550101715
-1.736031352865628
-1.6201659036341325
-1.5826743562444692
-1.627776720804023
-1.5333357613707668
-1.696171215943203
-1.6328432080511144
-1.0945436131763455
-1.3535561441598452
-1.9424146619419203
-1.5415057899735716
-0.9622018518903227
-0.6880933817748172
-1.0813689859652293
-1.1920666084704148
-1.2269038237053762
-1.5618103152905767
-1.1945367352811667
-1.354788806756263
-1.3341960749196613
-1.2083462432775465
-1.275182064670251
-2.0384596819082663
-1.9807378675076825
-2.104258978929164
-1.3983243097476952
-0.8062117828980289
-1.9253524986629258
-2.1015847604526003
-1.1784764349095902
-0.5000000000000001
-1.7240443439183284
-1.186382050971337
-1.0046878141917739
-1.519337788084529
-1.2119015073115877
-1.7164669470805534
-1.338755149506135
-2.1020472469595615
-1.575590859947661
-1.293848326283672
-1.3759353789736166
-1.1907291846008778
-0.5000000000000002
-1.0359134948738367
-1.4853416434516347
-1.2890838969556209
-0.6441399153695188
-1.6516083485732855
-1.708318886429623
-1.4309101688148675
-1.1722647673045699
-1.1735978150808668
-1.0747768849633852
-1.6204191466022846
-1.6479176244028226
-1.8420926359761516
-0.9721404513556382
-1.4376051780499477
-0.8333081330711204
-1.0735773416383876
-0.8175117470421609
-1.3725295514670965
-0.8834135501185635
-1.1669681488442647
-0.9721404560644086
-1.011460430701234
-1.2750683709641684
-1.6678966839755565
-1.2357014287050565
-1.3668181580777352
-1.2085080577174152
-0.929914659474382
-1.8560467542071162
-1.5082948089658763
-1.064323164487238
-1.4958577976971097
-1.7189501760140267
-1.1566781011332543
-1.0907994668830634
-0.9954512909252836
-0.7724646823086062
-1.2359776132332754
-1.004746235323881
-0.8022142261612522
-0.9980714632894115
-1.3880880367079242
-1.6115835510408028
-0.7891142961553675
-1.2490902860038666
-1.7184078092424249
-1.2883906429680019
-1.3932733122993994
-1.0785560289407277
-1.1796090947281712
-1.3438906245330648
-0.49999999999999967
-1.4123292813271162
-1.6339460369657508
-0.9473276035229773
-1.6037049894330009
-1.41368930536968
-1.408540073377239
-1.6784412093880836
-1.7175221378241632
-1.5149110088628117
-1.5243776393219732
-1.2895233003099194
-1.0569183394948294
-1.2327997281418508
-1.144223213014084
-0.4999999999999998
-1.8584484476001684
-1.217903526617262
-1.2964226811653905
-1.60151713646664
-1.7041468657380257
-1.3597305210674557
-2.1049525379435683
-1.370384034162758
-2.0400868556632408
-1.951572438155442
-1.7805186568573004
-1.499914895198455
-1.2337158136593884
-1.417684903474794
-2.0207333440973656
-0.95445693674347
-1.7741815114886665
-1.247689869609623
-1.4105685892792903
-1.6106289878015159
-1.101115772901209
-1.091061474691813
-1.5837892869602463
-1.4139715676575815
-1.249593427510265
-0.9241489825451544
-0.7546779202971932
-1.2100614813567652
-0.7953775356217784
-0.9283183458791788
-1.6275962242504405
-1.6979953170328543
-1.2440768602912395
-0.8979463800506313
-1.8518807105513349
-1.8084575679330368
-0.4999999999999998
-0.9852688889998403
-1.6027821079071631
-1.0554407213356771
-1.8579895259216208
-1.4063033682616983
-2.0073164534757266
-1.0531469348382514
-0.917920911022762
-1.0964847145780034
-0.5000000000000001
-1.2476854204631715
-0.9805563968100531
-1.3407186035084466
-1.2360063298640054
-1.3153916137169483
-1.1272666827847935
-0.4999999999999998
-1.672999711733416
-2.066967910691489
-1.7363818559514945
-1.0821342489493342
-1.1987251869126834
-1.216025700484947
-1.310484825812882
-1.6797709019564537
-0.8324615226578528
-0.5883478689329714
-0.9397994926833764
-1.1055411748402817
-1.231845684713835
-1.624222166549527
-1.3162644226957778
-1.5413917545085976
-1.6093806420715415
-1.4298380795912673
-1.4425488188732611
-1.3579279780505824
-2.164089149358669
-1.5060070510645
-0.9352085978095369
-1.127927884458016
-1.6629896105164574
-1.4850931406799202
-1.5952764290910537
-2.0088484252813137
-0.972177588448314
-1.8372614556666462
-1.3511411480059052
-1.2396561909813955
-1.412155830804631
-0.5000000000000002
-1.8241485282514538
-1.3380454458250364
-1.0133151488674135
-1.50976353090829
-1.635158598547365
-1.7693676370388505
-1.4895442326439343
-1.6722031819382819
-1.3208073933015267
-1.9247040294796858
-1.6759119022396842
-1.5869653537280768
-1.3215488094150978
-1.3316606164547802
-0.4999999999999998
-0.9253003731322624
-1.8525486493479577
-0.7666350546402796
-1.2651381496809675
-0.5474059988632072
-0.9974077169601853
-1.0770468618051088
-1.110899125691562
-1.6661987022302558
-1.8063146972376902
-1.459993207263398
-1.0240869213452573
-0.9921496230151893
-0.3666666666666659
-2.050218933865121
-1.5591804942790248
-1.3258037104348144
-0.8049249645193203
-1.4578706874345324
-2.330422809397578
-0.8796785379850787
-1.3430488753778564
-1.0286906241818738
-1.453631139823361
-1.50237060402368
-1.3381922371288784
-1.215254480036688
-1.8171556813342609
-1.1562710584088733
-0.5000000000000002
-1.072975129914455
-1.541268001164693
-0.6103293921993087
-1.461192884632717
-1.2477297813119588
-2.222713701118806
-1.1621137200665301
-1.4773923005406129
-1.6304284968084921
-1.462872492507715
-1.6026429829517446
-0.7144259989822352
-1.5327343485415883
-1.4761677263280901
-0.8696423623034814
-1.4324716784888607
-1.8175779682439988
-1.9958036063944056
-1.502425945341342
-1.3258633635172463
-1.2651127071451538
-1.442280646343924
-2.129756293338283
-1.6412178017706953
-1.1873791429169844
-2.074368325168296
-1.6808189732406404
-1.822224323382135
-0.9348412532399586
-1.0731832761832032
-1.0381357211373021
-0.8105578731583183
-1.1451893507955617
-1.9808867738159346
-1.56378187914189
-1.2886911807661847
-1.8257115933918038
-1.726310678389023
-1.0085137577982457
-1.4829138589082262
-1.2295929376207333
-1.3635496157881077
-1.63077031389616
-1.319709398303648
-1.1452497300854942
-1.4818082618125994
-1.5661256200885592
-2.0011975700173426
-1.384662530288419
-0.9346039993051699
-1.142273532231303
-1.0147116044185982
-1.565854953913488
-1.6243311733358712
-1.8183245725578272
-2.1388033505176614
-1.6479309838230929
-1.522408165469227
-1.8190660308061433
-1.4108078662955457
-1.850766531708698
-1.5501955293732044
-1.5897343209054238
-1.5266852092608703
-1.0711135448099156
-1.1299105865886743
-0.9954007811816773
-1.2162293574207768
-0.6780423488782592
-1.1969488892777758
-1.1884799706053764
-1.2742525481947844
-1.346130783958124
-1.739371687551059
-0.5809010141651044
-2.1419439598164502
-1.8024610297886265
-2.187344311910665
-1.313287745310447
-0.33393078216786454
-1.654111768889056
-1.2266788158494026
-1.2393305916858803
-1.3913622717370273
-1.7691007239021506
-0.7442353453737872
-1.8653861993700933
-1.8083860620881975
-1.3656411460165065
-2.1301007590919823
-1.1065857829499663
-1.3552126079146454
-0.9898642070358662
-1.586055906869935
-1.349564442293379
-1.9190219161803685
-0.9852439252210571
-1.8184970374035934
-1.4822413255303897
-1.058232002643849
-1.2517567044944147
-1.150546134193398
-1.542425810908172
-1.222161498525795
-1.2567982904061181
-0.8576426309634329
-1.10030674242288
-1.7117566404096904
-1.7133882075956695
-1.5998601902983456
-0.9721404524260747
-1.1949762096447378
-1.4780138190453596
-1.6968313734932423
-1.7021477628932689
-1.1655081517137007
-1.4626105520364625
-1.1260989469178821
-0.784743238274569
-1.0236484533106744
-1.3701052517531898
-1.1939661529619288
-1.2768504605552575
-1.944809059061544
-1.2301430845065375
-1.0169688479329075
-1.7924947769008461
-1.370605569977339
-1.451875013112603
-1.828328425160736
-1.9241883403119184
-1.1837389918060643
-1.2365389155745157
-1.4983356847137583
-1.5750002342170093
-1.221634849646203
-0.4999999999999998
-1.2847498273557498
-1.0917831033503662
-0.5635114968300644
-1.2227868062203944
-1.5079385192771344
-1.5090610154272392
-1.1188833810503989
-1.3798734372068233
-1.789231560073041
-1.7762499926721977
-1.7856840319311877
-1.4311013908608927
-1.1753067551302132
-0.706931357802975
-0.994626475651391
-1.5991886461510518
-1.6208644515786523
-1.6459556232458965
-2.064149424833041
-1.6234173157591616
-1.5340871186479186
-1.062257586955191
-1.3437106300794341
-1.6834088006645693
-2.007385703354368
-1.4755767119070453
-0.9621863021502894
-1.4875763727395093
-1.868403503850559
-0.979943004086584
-1.8632930377879722
-1.9823153651454464
-2.230809648063329
-2.063891502293472
-1.636294525710853
-0.848947133980777
-1.7405903044104094
-1.5181231621667806
-2.2335870903892956
-1.6460667302043717
-2.003298693573087
-1.56187515286579
-1.1170491148036832
-1.4661317508039624
-1.7637358284948703
-1.6775309063822106
-1.6902729414556548
-1.247772151922857
-1.235766718879368
-1.0381357765970372
-0.966060167959659
-1.8631524124401
-1.2684158469735
-1.6657342054416135
-1.416225744748852
-0.46666666666666684
-0.5
-1.0980294976284128
-0.8934988191378644
-1.032729350619737
-1.6711420227481453
-1.6298906297060227
-1.4825037801233418
-1.7829597528779844
-1.4599448301026117
-2.3694128470030447
-2.058083259459181
-1.383768768176035
-1.268743669753103
-1.2606669564140136
-1.3245796517449275
-1.2792094965976701
-1.7969045258809448
-1.070848538367997
-1.7478695386158298
-1.2481855319102781
-2.0380754918857424
-0.6442920726609181
-1.2882681995376601
-1.3001899194542712
-1.5539775411457386
-1.888495517837803
-1.20014282967936
-1.1954159544647642
-1.574583488670308
-0.49999999999999967
-1.3889685548069817
-1.3271564828030868
-1.5832404701768332
-1.4819675727923396
-0.4000000000000002
-1.6530028309867077
-1.76566304744696
-1.3883063323331022
-1.9256071101083148
-1.104439877686018
-1.6009442027963168
-1.0311510203344798
-1.769489968818912
-1.8697755773352462
-2.134476062873008
-1.072128759457564
-1.3074928124067233
-1.8665051623685902
-2.1547826560518977
-0.7603614429580254
-2.08288365537929
-1.251334573056182
-1.8059765296847827
-0.788527445809211
-0.7475821758223393
-1.4196048625824014
-1.7854103880444203
-1.2136239396987962
-0.737655975581883
-1.301318105985012
-1.0756674149113465
-0.8315419365100322
-1.238987741039034
-1.615606530169141
-1.4195445460045986
-1.611341718765056
-1.090983118432628
-1.5790180620511542
-1.4507784194180058
-1.2936291132732802
-1.6227207758485676
-1.3086613630654853
-1.51476446881423
-1.5781514977234792
-2.2158817557444155
-1.7755850412677143
-1.222965920143339
-1.3560568636828567
-1.0203270581718993
-1.0875552412022664
-1.195335716171432
-1.251748864773712
-1.5593994552799821
-1.0169676347643064
-1.640527442482174
-1.8508536925624233
-1.130820399371435
-1.3201178846150379
-1.2921101829510229
-1.1589374275244722
-1.8378911187601923
-1.0335894780534924
-1.7228824244269692
-1.5320902822306923
-1.325858548574198
-1.6908377932558019
-1.20766094782083
-1.1380229500335564
-1.1897706908294587
-1.547100047107286
-1.6062597560487848
-0.5000000000000003
-1.7508782659166482
-1.1399059570309524
-1.2475091240123068
-2.143542264712598
-1.191706006964648
-1.900516719683706
-1.5640396993225378
-1.509470510527978
-1.4080420053059992
-1.6889194959715295
-1.4219742409577547
-0.7952646588197453
-1.2335448068805424
-1.4163536815112596
-1.6820351264354
-2.19650695442491
-1.9506111812358204
-0.9590608379784038
-1.7086471618383927
-0.4999999999999999
-1.303077812589382
-1.2032235533735829
-1.3708188783650477
-1.0347942325899777
-1.615037658193093
-1.2731798737673656
-1.6732498082549063
-1.7643864518785974
-1.277026945044385
-1.0594598025767032
-1.6518746843507697
-1.5544271411390762
-1.105831324513742
-2.0485208029052933
-1.6599436484683923
-1.0653854814769772
-1.7049831085527032
-1.451197571852342
-1.3292295425714697
-1.4890676493274468
-1.1379453452630581
-1.321447534018497
-1.4665539033804595
-1.8625826062177429
-1.6960253469081898
-1.2063087102021492
-1.9590964493294636
-1.7057309095954927
-1.2856373389419313
-1.8072427215860323
-1.4559505175085408
-1.7203406589453256
-1.8604539252666135
-0.9795376314565113
-1.3904886471430058
-1.440224097230997
-1.1650318311629195
-1.0380785642116666
-1.1000757962938945
-1.1830544466265012
-1.1420518532918933
-1.7067089881258335
-1.4321226334487838
-1.6715943477022834
-1.3840788823669676
-1.3265310267778732
-1.259751218896446
-1.5104367278679642
-1.2397285873479384
-2.057447195974354
-1.5110389421213974
-1.2759221758433006
-0.8909793464947378
-1.6900256067059116
-1.7992575475755481
-1.785261429068764
-0.9316550104588845
-1.4955866802818623
-1.2667840726129058
-2.0425040047558425
-1.1214399966107709
-0.9408694438860424
-1.5364298509769891
-1.5636496130505315
-1.3235362896145992
-1.6688376065698718
-0.5
-1.4602194844423981
-1.0535457007295679
-1.5922970140008867
-1.4283437720587204
-1.9109738302729884
-0.8916358961580729
-0.9336556198357493
-1.5472116509111764
-1.8657087174197553
-1.5160205076404791
-1.3141729817329555
-0.9985085008520093
-1.7261190082980555
-1.297948669389914
-1.70510673398264
-1.2744050305734045
-1.2068103100042735
-1.6394331346561024
-1.5477851769733115
-1.4017702167409716
-1.0688061123901829
-0.7698638530194396
-1.2196009093617861
-1.2171172281837506
-1.0250400748474124
-1.3194155870533846
-1.2699075966845865
-1.7767444426078058
-0.9718871773094031
-1.5194827695461488
-0.7658940912000127
-2.295666133884553
-0.859994786387187
-2.296794319932621
-0.6672277889616037
-0.7666349032219675
-1.2231518397587047
-2.162827062598921
-1.6222014773710027
-1.840061526429424
-1.0730903604527244
-1.6461396754129056
-1.8105203093008893
-0.7699389082352089
-1.4052731945503076
-1.4211435437921596
-1.7366791867395601
-1.7576631430073324
-1.0051490621449428
-0.7331095592295847
-2.1566312045773555
-0.3991012339924249
-1.219487240842991
-1.3663632466935132
-1.689462923233217
-1.225423577979089
-1.427780342631085
-2.115828766216841
-0.9708078339957589
-1.585527255243937
-1.0708485538840982
-1.7071716114334743
-1.5024155624057014
-1.094571843370259
-0.6723490782522065
-1.797795145607728
-1.1761267648327967
-1.4655433817388137
-1.4738765287582782
-1.723286202845646
-1.1028381766467898
-1.4446641653117083
-1.241990950684503
-1.5034109232643038
-1.2421166756672142
-1.0898331360079108
-1.2789939375524728
-1.5385401498050122
-1.4191069089483663
-1.7002307903704263
-1.8993099263537794
-0.6391662910675746
-0.8136070995291611
-1.2255183239203613
-0.9721359154248255
-1.3177850114174485
-1.411988223999644
-1.8039977919968293
-1.5249916454079022
-1.1941145542285714
-1.4925749474063263
-1.7683931539875726
-1.5541623588603772
-1.3791178456636095
-2.0901590737569276
-1.632251581966551
-1.418590485768582
-1.3476188422814528
-1.6339461177324588
-1.3370225772826494
-1.6711431762817783
-1.8234881517219879
-1.2374676931757644
-1.0708493884277037
-1.611148487062303
-2.0379341342179123
-1.1434937162364722
-1.2235855458098808
-1.525224314928598
-1.823813142869135
-1.1742824251791426
-1.0063206716918336
-1.8588941597130613
-1.9953113316892288
-1.1227913796501814
-1.4999328316761826
-0.8470394040994784
-1.9097413614859222
-1.522927217109519
-1.6110702030716997
-1.4595480359186783
-1.710310895174168
-1.843879436078593
-1.354131355829672
-1.239530586878234
-1.1116813446353653
-1.419704089164546
-1.6060363828829394
-2.007169858136089
-1.3031360825002298
-1.6866089378850706
-1.5564371497118443
-1.0450903286956064
-0.9652690094610571
-0.7789224612457954
-1.0841149850732903
-1.4769098722340945
-0.9825285041057836
-1.067806169175186
-1.574407894570216
-1.691382472917296
-1.252340187464041
-1.740559826019902
-1.2636982802208994
-1.3164810310492472
-1.2403701875823896
-1.4384541652456992
-1.2039495963179334
-1.6748324255434506
-1.1560269183610088
-1.9102947128553962
-1.51950989611759
-1.4355682458966978
-1.4686288187305683
-0.9721357021525467
-1.063138000146724
-1.1365050527620877
-1.315759074190148
-0.6798638317556409
-1.0473864616143393
-1.8976908697732742
-0.8749113437261956
-1.0739975779215514
-1.3717827435997796
-1.7834769642994879
-1.7295340568623052
-1.2781829097378792
-1.2234457782509118
-0.7691113752360915
-1.558326970766865
-1.044845385755377
-1.2868347518924521
-1.9214643134119764
-1.0353386968196958
-1.2339438866697012
-1.3062847843364782
-1.1597778057430776
-1.825269956557498
-1.5604610691251948
-1.1847414002958125
-1.5099201118776062
-1.0760651517995885
-0.8610408225281221
-2.072152104941051
-0.8325270678544555
-1.607979918701399
-1.1659918047236157
-2.2119103812096426
-0.8576425726652529
-1.767412999545278
-1.1391040951596592
-1.8485323358735763
-0.9693494286821784
-1.4435825736413432
-1.9676474744875951
-1.37235784073154
-1.8406037179710129
-1.8751725928516267
-1.0906619775194042
-1.9115486732257392
-1.6267111330501243
-0.9965907541794561
-0.9487025747931052
-1.5918414427917646
-0.8262764741656512
-1.3077248846623981
-1.3078773021425176
-0.9721404517796326
-0.7865189374095052
-1.884293489057603
-1.1484652490746838
-1.3343283148178504
-1.2573670212679227
-1.3882250006140362
-1.341136457288279
-1.5818404672282935
-1.0348852054839328
-1.5518054465401454
-1.8471542889692683
-1.3233833427463295
-1.6288984941495026
-1.3822672227317818
-0.7579041312494337
-1.7103466738389883
-1.4692131981147538
-1.4062621791738261
-1.7209123503056294
-1.0014120166980396
-1.3451200519809425
-1.597940511783307
-1.4735471903300685
-0.9640407313700505
-1.332887379140696
-1.4102559443666463
-0.7538568468837641
-1.2959106220906822
-1.781315309740845
-1.2819715151200346
-1.4833574806586398
-1.4606542079264955
-1.1822730527694698
-1.6858707786676186
-1.4594007560407098
-1.6832040997210438
-1.1268019356910637
-1.7640803671597254
-1.4060465898803356
-1.45896691315723
-1.8413323394423369
-1.2599707930767696
-1.3613196721872771
-1.4077496323788383
-1.8640416360420764
-1.9091025076890389
-1.5208465147084391
