-0.0852187068296949
-0.10825010018165251
0.0
-0.16615910054755229
-0.6157560851792083
-0.2996808845838277
0.0
0.0
-0.022292246615510422
-0.5394992787983411
0.0
-0.22946525209653051
-0.7456550032599634
-0.15495574429806805
-0.49155652281257106
-0.29084643258444604
-0.082662885070403
-0.1014359551512336
-0.17839963628899547
-0.5042942157214916
-0.03333333333333332
-0.30082897101976425
-0.16050066642771915
-0.5418583038610627
-0.08171894005855541
0.0
0.0
-0.07701450634626898
-0.279158023275486
-0.08601157168990478
0.0
0.0
-0.08404582265240929
0.0
-0.12510856358007233
-0.2859810135677601
0.0
-0.1584253994019408
-0.07359309342494974
-0.29474444524649873
-0.03333333333333332
0.0
-0.32667045606532474
-0.0908588961872751
0.0
0.0
-0.07645106975925975
0.0
-0.22483570872324177
-0.12555066399288373
-0.23002922563758485
-0.08558378115895184
0.0
-0.24374501538346205
-0.2830919026370785
-0.09505103596255068
0.0
-0.10630539921634793
-0.34928224006757097
-0.09999999999999998
0.0
-0.03333333333333332
0.0
-0.08510967060697498
-0.03333333333333332
-0.03333333333333332
-0.23141784778331054
-0.24342008520499311
-0.4005708901823604
-0.22065497391887956
-0.07695194118701101
-0.22310853543019055
-0.5434318555097727
-0.29163205071747034
-0.09682672443386744
-0.031631474330844095
-0.06350010186992444
-0.447708317249633
0.0
-0.1545691580133522
0.0
-0.07646492072985782
0.0
-0.1841792499967492
-0.3882867845811566
0.0
-0.03333333333333332
-0.38301326064038127
-0.1488071953800506
0.0
-0.12141038372205444
-0.16119177514729877
-0.07816808383647571
-0.08689082266934768
-0.16934531763873115
-0.23333333333333311
-0.44223862291861193
0.0
-0.03333333333333335
-0.03333333333333332
-0.4317907283567921
-0.26219516787141156
0.0
-0.31479485852628913
-0.3068055557264959
-0.12798802016258595
-0.39956933635302716
-0.0835903930834624
-0.08373523775423869
-0.09876377440556086
-0.03333333333333335
0.0
-0.03333333333333332
-0.20362580638289834
-0.30516286596887393
-0.28852610237741105
-0.12150945615902561
-0.14103835812307985
0.0
-0.2787318846642382
-0.26860430997719176
-0.10155947594810108
-0.2489029792762631
-0.3010849165602294
-0.10370285888706318
-0.04606320037631326
-0.21051738963402308
0.0
-0.10962112379132255
-0.3910716214133484
-0.3596021699603199
0.0
-0.2629425516950867
-0.21494544704132135
-0.19612347934280122
0.0
-0.11495649766296004
-0.03333333333333332
-0.2781880133023008
-0.03333333333333332
-0.069990840399828
-0.08550248343614755
-0.2295882739694453
0.0
-0.03333333333333332
-0.2599923128207728
-0.03333333333333332
-0.03333333333333332
-0.43484577140838343
-0.12536888490252066
0.0
0.0
-0.2889344089466815
-0.03333333333333334
0.0
0.0
-0.03333333333333332
-0.24541819729514075
-0.2559090540183766
-0.23918570825575475
-0.9218810160050218
-0.6014576566021901
-0.9623531569151604
0.0
-0.3285696799401554
0.0
-0.37646360394575795
0.0
-0.10405815037347493
-0.03333333333333332
0.0
-0.5055568936721466
-0.1711595406694149
-0.22430475699131874
-0.6249790918602448
-0.0906277654957354
-0.17111361014984808
-1.1001610124390202
-0.05694650528149814
0.0
-0.2351330807695817
0.0
-0.2733407399022713
-0.02720133497526157
-0.07216079628493861
-0.23924598395047128
-0.26372211545047153
-0.1302431692056929
0.0
-0.03333333333333332
0.0
-0.02312370554665821
-0.2271136906578653
0.0
-0.16357862529890066
0.0
-0.28486413217522333
0.0
-0.16313609108957186
-0.20009737580175146
-0.28377041243928436
-0.024376401880755537
-0.055305244317285916
-0.1794855983809458
-0.10408067979919186
-0.10271761039750604
0.0
-0.11181890250155792
-0.41359051188236484
0.0
0.0
-0.4786363999347212
-0.03333333333333332
-0.12192124807717185
-0.17095320490422278
-0.19108727446300589
-0.19212600535336588
-0.2319229031850351
-0.1957589829988039
0.0
-0.03333333333333333
0.0
0.0
-0.2877959814769383
-0.5037582655240539
-0.1413341917951954
-0.18158682586748195
-0.30945281230577215
-0.20050605073958996
-0.2149582476246522
-0.08478762101560128
-0.41941360446475484
-0.3733681529587899
-0.11415859619286024
-0.08609416617060642
-0.1869013747738692
0.0
-0.26530711042142147
-0.5507862362958216
0.0
0.0
-0.5309468300398286
-0.03333333333333332
-0.42602013298253966
0.0
-0.11051234951130558
-0.04290864271843664
-0.20986141656451696
-0.11152337294712117
-0.6832810803206009
-0.057614880604540585
-0.3875798885769821
-0.15371438923341427
-0.07611967728392308
-0.03333333333333332
-0.2380817342102407
-0.03333333333333332
0.0
-0.17162238546896286
-0.6793588973107898
0.0
-0.3606600558597452
-0.0818819466549466
0.0
0.0
-0.03430070874851606
-0.08142857934867276
-0.1268690956826857
-0.30647995201608513
-0.0688942950707627
-0.244836281943766
-0.4094613944868373
-0.13984842913331821
-0.09695198426891162
-0.0536187215854438
-0.1409853916389935
-0.12011161776472482
-0.2508547812223246
-0.04763095108592311
-0.2236967384754564
-0.12713022650676353
-0.09851902187432596
-0.0791577181678011
-0.026620012173647786
0.0
-0.35350891402685575
-0.16666666666666674
-0.03333333333333332
-0.29415944343385303
-0.09086081163038687
0.0
-0.04041963711976677
-0.3332550916047924
-0.14618677360969012
-0.14691472749248188
-0.1301907463408847
0.0
0.0
-0.12978656680959513
-0.22068853416284007
-0.1196948127530323
-0.23689657099736816
-0.23743509415091424
0.0
0.0
-0.07269738139339937
-0.17485367271603572
-0.5926483246499828
0.0
-0.10071101251436435
-0.11150466153716862
-0.26965547064623013
0.0
-0.0680670781369386
-0.2908222957169052
-0.4939552017169848
-0.15600608356764176
-0.04431684527739556
0.0
-0.26057674999570424
-0.03333333333333332
-0.2075487036592366
-0.2534781462147278
-0.19350044840034147
-0.30855353920869405
-0.1369731649375328
-0.18996757366063882
-0.02637343211590938
0.0
-0.3858235085981103
-0.2884884836345365
0.0
-0.04917547861243556
-0.03333333333333332
-0.08068527327087276
-0.23359710176348286
-0.03333333333333332
-0.13819470117984003
-0.10000000000000002
-0.16141081208751326
-0.3270619041156444
0.0
-0.2557019750532344
-0.03333333333333332
-0.15594196353491466
-0.08234382872764155
-0.03333333333333332
0.0
-0.2699446255883492
-0.2425599396799502
-0.4262220716189021
-0.6005482167591515
0.0
-0.04603124752117389
-0.24095304486232033
-0.10647746971601955
0.0
-0.23222197361899977
-0.05277642369456989
-0.14197127204974797
-0.25027912319450174
-0.2702660144770615
-0.07918779155680959
-0.03333333333333332
-0.036244411317647315
0.0
-0.22830798198889637
0.0
-0.0746455664981554
-0.3407919583145646
-0.07193345109949927
-0.0874406480141017
-0.08679103277638642
-0.20000000000000018
0.0
-0.08651230799297022
-0.40257687952727983
0.0
-0.03333333333333332
-0.025895738767660034
0.0
-0.11979507075127885
-0.03333333333333332
-0.15341753818248358
-0.1763145430400067
0.0
-0.11268443854756341
-0.12819788502091922
-0.07694845007794805
-0.16190002123455896
-0.4788671273391185
0.0
-0.2514020411697123
-0.27175626156951793
-0.348620173187252
-0.7746471843717578
0.0
-0.41750847452046713
0.0
-0.03333333333333332
-0.20409417341470318
-0.31924985997141675
0.0
-0.055772870897898
-0.27226305772573456
-0.13979624729813653
-0.03333333333333332
-0.2
0.0
-0.03333333333333332
-0.18739543182142673
-0.19569244869077065
0.0
-0.6632999859637949
0.0
0.0
-0.0666318566908772
-0.36647186538946275
-0.12991965416070858
-0.10049247243548207
0.0
0.0
-0.059150613400232865
-0.2876463057846101
-0.1411143806659312
-0.14322474857872142
-0.3457485489871347
0.0
-0.03333333333333332
-0.03333333333333332
-0.161093348103504
0.0
-0.18361398654720623
-0.080787303788394
-0.11110208658099843
-0.16794961018130192
-0.3476446855043346
-0.14173239508427243
-0.07358640264242476
-0.050497138699910245
-0.11309134176629108
-0.2522079752005991
-0.18422418650051847
-0.21260506704045326
0.0
0.0
-0.324843924148265
-0.2984529224261102
-0.1817019362504264
-0.21954534198256187
-0.14681291025985063
-0.2756814199512816
-0.03333333333333332
-0.07285445179460005
-0.20758613732808978
-0.10080923682230511
-0.03333333333333332
-0.4317001875307599
-0.05945194345901892
-0.20241891176557114
-0.10269034859054108
0.0
-0.21129338898490976
-0.23992769026695718
-0.4636603852654402
-0.03333333333333332
-0.45686958461240224
-0.9258495729119746
0.0
0.0
-0.23204430169997248
-0.2235226020575077
-0.059222208441115906
-0.06251243038873114
-0.08684935700656016
-0.1021849850308839
-0.22792071363162944
-1.0749678396322078
-0.03273611183930118
0.0
-0.03333333333333332
-0.03333333333333332
-0.3493094442550763
-0.8990474964159902
-0.03333333333333332
-0.29439492221541363
-0.21859278613318484
-0.10021391643854166
-0.03333333333333332
-0.11403596386975984
-0.23366386183601762
-0.09934950082159438
-0.09396889456366461
-0.15174442455576398
0.0
-0.0286704631564996
-0.08288868423443128
-0.26038442861172306
-0.19413913729156224
-0.3788273815531925
-0.04291925109188306
-0.03333333333333332
-0.1795922470864982
-0.08898815970061615
-0.09368187865882963
-0.07058467699127072
-0.03333333333333332
-0.19196768458783797
-0.13918752106240942
-0.053528072839499834
0.0
-0.03333333333333332
-0.1836126056416134
-0.2375578500783957
0.0
-0.16586413829967864
0.0
0.0
-0.4694850196795719
0.0
-0.25516422520286675
-0.07011174853598715
-0.08328780389006536
-0.046020290367189715
-0.25976405643078393
-0.03333333333333332
-0.30389622005781103
-0.12955679556197958
0.0
-0.2715043096006106
0.0
-0.20888812681545824
-0.16104843613165842
-0.05315445662865829
-0.2402933912662178
-0.3202548479478208
-0.21859673019718956
0.0
-0.17971029882181683
-0.03333333333333332
0.0
-0.02267826497623882
0.0
-0.07424210588264671
-0.049368747323702666
-0.20805432268680873
-0.03333333333333332
-0.10936176601459445
-0.4294442168522713
-0.9669153459977562
-0.21912461897879612
-0.480314797422123
0.0
-0.21203720001170923
-0.02489564613624269
-0.02702962678059844
-0.029929866265051557
-0.1919889502612977
-0.03333333333333332
-0.060247160104951895
-0.17946051028794416
-0.08926457582289819
-0.03333333333333332
0.0
-0.4078517196041504
-0.17595608931723625
-0.0839940732833113
0.0
0.0
-0.5023344279183924
0.0
0.0
-0.23863863953548856
-0.15049661707061335
-0.2598260233235351
-0.6089035530690645
-0.10732440273434528
-0.09356223538274142
-0.03333333333333332
-0.05473028859470337
-0.2288746525276332
0.0
-0.08307027704981977
-0.08088975424646004
-0.03333333333333332
-0.23424654165639916
0.0
0.0
-0.1346188414741176
-0.03333333333333332
0.0
-0.09453894094053808
-0.22204969216255377
-0.03333333333333332
0.0
-0.07462938536028582
-0.7921535761056581
0.0
-0.07127116478290052
-0.22997256184522746
-0.33073681905354363
-0.056055430730131736
0.0
-0.497147872510893
-0.3264573380787958
0.0
-0.10416159639219565
-0.49145142216148013
-0.34236752591557246
-0.33691175656214345
-0.281291526760038
-0.19225093420161565
0.0
-0.1762190804322809
-0.24055115929841137
0.0
0.0
-0.29174136234944975
0.0
-0.03333333333333332
-0.3770556328054624
-0.37387785217842906
-0.03333333333333332
0.0
-0.122844183462582
-0.38203362866075835
-0.11632568028891319
-0.13478264892633196
-0.09186490239613353
-0.43867193105769775
-0.13333333333333333
-0.3780906677526783
-0.1553244141574223
-0.0583507126082993
-0.31876500573214817
0.0
-0.018872989936445338
-0.1782261207832903
-0.21770295640564952
-0.22100526731500578
-0.47678975040036164
-0.1951074557881301
-0.12003373490784305
-0.056321709468333696
-0.3474112369927982
-0.03333333333333332
-0.07168182939852694
-0.11026800524079813
0.0
-0.16792351254479565
-0.526020570928055
-0.13737382976596124
-0.1497476822888512
-0.2369235726719797
-0.4568493594608627
0.0
-0.06948378768879145
0.0
0.0
0.0
0.0
0.0
0.0
-0.08893577977763428
-0.32608182892840776
0.0
0.0
-0.03333333333333332
-0.17136513148566845
-0.05407998455723714
-0.5728976968788512
-0.06482384872893832
-0.017973138231118468
-0.21513680585534212
-0.049747870528609614
-0.5128109955563596
-0.19060707816001976
-0.08223386114445992
0.0
-0.34616291594013593
0.0
0.0
-0.03333333333333332
-0.09607204056631298
-0.1902037135953072
0.0
-0.03333333333333332
-0.03333333333333332
-0.9648973538471184
-0.22261338795610072
-0.08356891360613164
-0.03333333333333332
-0.03333333333333332
-0.03333333333333336
-0.03333333333333332
0.0
0.0
0.0
-0.1322669513602765
0.0
-0.23138311989165466
-0.5584378617726806
-0.16898520785373494
-0.4044990421057577
-0.14460661193577692
-0.17474341245418332
-0.21788924801534293
-0.6337467542942355
-0.1841883670581192
-0.2399410535152521
-0.28032326693638426
-0.15109547763281084
-0.12090969598224395
-0.18685174708741065
0.0
-0.1969578619425385
-0.3709593756178947
-0.033333333333333326
-0.1097345049304552
-0.13520379468007585
-0.03333333333333332
-0.26523406271194133
-0.02220515562512508
-0.03333333333333332
0.0
-0.19854673458492358
-0.03333333333333332
-0.28469390778721865
-0.2965292147772593
-0.3676618209391509
-0.21684645876396527
0.0
-0.051982155644502065
0.0
0.0
-0.08248454558678257
-0.2383756385831992
-0.06789884142461133
-0.4601090187680661
-0.21678686952254475
0.0
0.0
0.0
0.0
-0.1303868603513013
0.0
-0.22980075253556043
-0.17971531107790284
-0.4507453988954955
-0.2660203443136798
0.0
-0.6309707871016726
-0.03333333333333332
-0.03333333333333332
-0.05743847912677519
-0.20890515999510215
0.0
-0.05720865609194154
-0.27914961459750975
-0.16473974392582186
-0.2572571560100439
-0.0727121263738098
0.0
-0.12461904795882504
0.0
0.0
0.0
-0.03333333333333332
-0.3144235373993519
-0.4914481291405546
-0.09748079568777525
-0.03333333333333332
-0.03333333333333332
-0.12089550884151623
0.0
-0.17242310420208934
-0.24611611079964862
-0.07851701108718771
-0.08446582297002646
-0.40442221188328215
-0.19518554333209345
-0.12281899321530984
-0.32176468461904567
-0.2721580079194818
-0.13306882159163042
-0.21307598295942082
0.0
-0.20943818621981367
-0.1980795733549513
0.0
-0.19201856361845032
0.0
0.0
-0.12548368211612887
-0.10227801499375332
-0.17882807450774152
-0.22235817210560388
-0.0813164744413597
0.0
-0.06972396802526028
0.0
-0.1523819093290728
-0.6623097559271169
-0.165873274076792
-0.1320426944082895
0.0
-0.12042409328828954
0.0
-0.03333333333333332
0.0
-1.1239977132255887
-0.3584244326281636
-0.36510350429966615
-0.18464193945211066
0.0
-0.05204212648468193
-0.24216332662515855
-0.4740703406802338
0.0
-0.5235811312279345
-0.2542711058724004
0.0
-0.17406428441387845
-0.05732840003706609
-0.03333333333333332
-0.026791827313263863
-0.36705941000256903
-0.18464332604488679
-0.03333333333333332
0.0
-0.0858550100344927
-0.2720339195783732
-0.04864745786669336
0.0
-0.026832162929662156
-0.13095310900471993
-0.30447713895495276
0.0
-0.03333333333333332
-0.09828256747578776
-0.27688821117581375
-0.16734136086790197
-0.2566714254791397
-0.2186547997877649
-0.05611981132198778
-0.2817879819642851
-0.3764249923389164
0.0
-0.2676192533282192
0.0
0.0
-0.5309197864656738
0.0
0.0
-0.12009088344410987
-0.04733628249759394
-0.3573994938385041
-0.10945502133545404
0.0
-0.17888932144501626
-0.03333333333333332
-0.16017146079695796
-0.03333333333333335
-0.23528458984145595
0.0
-0.17619696831133247
-0.03333333333333332
-0.10104259224357585
-0.03333333333333332
-0.21293625275969602
0.0
-0.10394424159053017
-0.1256483815087342
-0.38778269782906927
-0.4657916718787461
0.0
0.0
-0.23733097136427414
-0.17241393105396338
0.0
-0.05431439194414923
-0.2792037136164751
-0.16085423779369176
0.0
-0.1588937004688555
0.0
-0.21782272934623378
-0.0785821654828904
-0.15828709859442114
0.0
-0.13717691245578162
-0.4229779625424151
-0.1809018056003104
-0.11643017158065194
0.0
0.0
-0.3266079215248828
-0.0789925076528109
0.0
-0.2596946767121587
-0.22063508767360718
0.0
-0.29090872142104035
-0.1255215612420228
-0.046613707217169544
-0.03333333333333333
-0.16148574243587466
-0.2079757484514208
-0.884078912064373
-0.16876409741247075
-0.144745028841932
-0.5607065422124472
-0.13314025077948555
0.0
-0.03333333333333332
0.0
-0.05826624284068544
-0.0884783909205538
-0.07350350754436112
0.0
-0.03333333333333332
-0.3145932232872962
-0.0599433687614437
-0.058707659858092134
-0.4017538361691573
0.0
-0.3373051320196922
-0.056717573432878664
-0.19440840247086533
-0.1976636945668708
-0.1636718730559996
-0.21357357287036124
-0.26681033987471214
-0.2689147484404494
0.0
-0.08912505764233554
0.0
-0.033333333333333354
-0.1772507744135544
-0.15298030128547657
-0.26188333712313283
-0.16075353152342756
-0.15010273177942676
0.0
-0.04456466893463906
-0.03333333333333334
-0.18481527266890024
-0.044095035409148095
-0.03333333333333332
-0.14454139090039503
-0.20382962361464135
0.0
-0.05331623222584378
-0.03333333333333332
-0.03333333333333332
-0.3739084167465327
-0.39943624491789986
0.0
-0.10516043465390917
-0.33916683035470974
0.0
-0.08979230784507988
-0.03333333333333332
-0.36762265282349244
-0.22616110722914123
-0.22950100351313554
-0.5018888799011827
0.0
-0.04053147703967637
-0.30059303383380487
-0.6548203962253665
-0.23826404062773443
0.0
-0.15677925716509755
-0.12060144916325893
-0.21908891947732634
0.0
0.0
-0.25478114497168547
-0.08148200768821696
-0.11012612833809401
-0.1824258843872059
0.0
-0.11493442617996923
-0.1703331545559225
-0.5502012813657582
-0.03333333333333332
0.0
-0.23122270241484094
0.0
0.0
0.0
0.0
-0.16238933373195374
-0.22612947230317137
-0.30475797072058375
0.0
-0.07577331087467915
-0.20537539979853695
0.0
