-0.4355024941804819
-0.7761480985865583
-0.9280763567814495
-0.7580393529461857
-0.5664347694670592
-0.37834789209955866
-0.874241377940727
-0.4737101902932039
-0.6402025666077755
-0.5307300160436978
-0.9345606418299545
-0.7450732409561278
-0.4785173849713641
-0.5238825937959546
-0.9377896141118912
-0.43224003018747037
-0.39895893685248196
-0.7156750538568498
-0.26135316897175603
-0.6777074945757527
-0.868594012401175
-0.9078479551895875
-0.8138694434327545
-0.35039814336469377
-1.0751624608301875
-0.5082301499875334
-0.21366218312494784
-0.5751571086118409
-0.66445449762498
-0.536122287985167
-0.5324097890945194
-0.5341730961117108
-0.47142086697520635
-0.5738283887327023
-0.46623395221309943
-0.6625589468998434
-0.1486630295811185
-0.48802207501519557
-0.23840433857657484
-0.3611009269246805
-0.5082554751368373
-0.3881039619853969
-0.5085462352243632
-0.4933183460930869
-0.9251976080328801
-0.6284183764527381
-0.24975176189148074
-1.0056676054929634
-0.6237250820055819
-0.30631536645479385
-0.6256954461977252
-0.4978933355400219
-0.3646847771262602
-0.40977622830320415
-0.4132880340706401
-0.8129998171972611
-0.3113044960742623
-0.3810409056664531
-0.5720782785608785
-0.5992267695190182
-0.27074121774720566
-0.3872014448999098
-0.484205219027535
-0.6440130407450267
-0.5110800398751324
-0.8498491150628207
-0.976832704591156
-0.5302857524495039
-0.7267360150713211
-0.7880232814704471
-0.8261383013105917
-0.37036145138370813
-0.8987220648125843
-1.283767927300599
-0.5453607580020305
-0.5562326624405092
-0.5731473754059324
-0.399146682474147
-0.7320032914906893
-0.7124281022808758
-0.5825104686499222
-0.4887974330908397
-0.7163786789256529
-0.8060087865199037
-0.31088145859378885
-0.3687812391721818
-0.32245792175114907
-0.48048485628850707
-0.4007881510002136
-0.24377409657047186
-0.3507136891962111
-0.701723161010094
-0.551005099860092
-0.3279176532917152
-0.8841630842736699
-0.7146368789485232
-0.8207933560874524
-0.19293394976939215
-0.8663240476029885
-0.9150762187196415
-0.5787385901717425
-0.5540457365126153
-0.22552992026755064
-0.4553686018206909
-0.7850052948578202
-0.658444817678635
-0.524605733977802
0.0
-0.44114226959711544
-0.32253907930151904
-0.4848524847033578
-0.3287649906132779
-0.422579070885888
-0.9963757062677799
-0.5224618776018283
-0.16481115984298822
-0.46975485806908257
-0.9784434259573782
-0.1814326129905996
-0.3790296630942857
-0.826810713757498
-0.4836141681518936
-0.6494137927566184
-0.788122650432151
-0.7485021620119197
-0.6484643643906804
-0.1498693042127765
-0.14300215473509612
-0.5467724803562328
-0.5565025912286883
-0.46308176102711973
-0.5624371061839983
-0.36046273304925586
-0.43595644112741644
-0.8686342654845401
-0.710684057312577
-0.067975338344615
-0.5993705630249254
-0.6059853467925599
-0.762043055320266
-1.1966295059404424
-0.6224072113053413
-0.3778787745373965
-0.3884119811466501
-0.3689396660942108
-0.5374767546415954
-0.5786290866434181
-0.7584210132164612
-0.7300398583622973
-0.7247690653588525
-0.42375806379595665
-0.4404944192008811
-0.6717598637299363
-0.6165604998499589
-0.25359729445038975
-0.8600609763698396
-0.330109425360302
-0.47062248998583467
-0.6457439727701512
-0.3352992312408125
-0.6219786517322161
-0.43598853593739556
-0.6917706953761891
-0.678682715818402
-0.15542510890837194
-0.18810760007352179
-0.15673601730658732
-0.41416240996779974
-0.5433228858126373
-0.36449479834881543
-0.9314496665917106
-0.8082383784358563
-0.5002489392414001
-0.9721780254215717
-0.8988590876621012
-0.03333333333333333
-0.5189055185149263
-0.6119449977424045
-0.43047121866222193
-0.784494420662127
-0.5446665590160211
-0.41473637218583326
-0.8756269758590781
-0.5841445631731106
-0.7275962908521858
-0.24202655958319547
-0.6598818318355105
-0.5719385018129529
-0.555340403354595
-0.7617409931297702
-0.4077253731367845
-0.8181623754673345
-0.8559893578339177
-0.9661811922679608
-0.7142742475703875
-0.5438759830425743
-0.4742832599426066
-0.5715327139041078
-0.8773197463153761
-0.39383330944342043
-0.6124956871246813
-0.2643366335067835
-0.6086275929334375
-0.5575068180718346
-0.3781206711075079
-0.39906665816407016
-0.28381864494580494
-0.683557089893478
-0.5205315528934578
-0.6555625998206873
-0.9866325727708503
-1.13562307991495
-0.5829060611693347
-0.48102155258909185
-0.6507031335463204
-0.5635824078635767
-0.5197912034667939
-0.21643536717268966
-0.948586924230908
-0.5345733279619467
-0.6266842923494252
-0.7411264898409893
-0.41645731911641576
-0.5526976121450854
-0.8558647355140292
-0.7538175498830119
-0.601238180484705
-0.6784310220331082
-0.560979249079776
-0.7484422817096498
-0.7472783412014412
-0.6042057557904167
-0.5012557499177097
-0.4833471053271564
-0.6859929895915211
-0.42394134174941983
-0.4152242064819951
-0.41622489562199927
-0.9753986152485233
-0.5440821110760526
-1.0562952931512517
-0.3930450780200596
-0.03333333333333334
-1.0126811901801853
-0.6200365295624315
-0.256048277909534
-0.24886785890627539
-1.0283566840332776
-0.7324429670171443
-0.6559735082667788
-0.32483588925905327
-0.38895132593953075
-0.3448870539410104
-0.3575769418236315
-0.7576450501611818
-0.7125398994356612
-0.40074761579313156
-0.5376995327732461
-0.9900449347970853
-0.42539595865774255
-0.5000058454595747
-0.24976936103725564
-0.20424927930452538
-0.07945613471418421
-0.3592881120671203
-0.33619152983943457
-0.7167317975810774
-0.7652403555942113
-0.49331233232568816
-0.7291024994618132
-0.306809426584115
-0.21274888444678186
-0.6624082271122467
-0.6633728052405659
-0.6510990857356731
-0.7925743471261304
-0.5760749927942923
-0.7695125661701856
-0.46910391241865934
-0.7143175051648988
-0.8319943764872184
-0.1997744346920955
-0.4917296155855902
-0.7274265003481937
-0.8631820394327576
-0.40198989888264364
-0.4106561671983021
-0.3514992813104706
-0.9850881509185331
-0.598030818777687
-0.5200468692985732
-0.44906669613426925
-0.898150974667759
-0.7698243240010141
-0.527630802041571
-0.4740343685023312
-0.4576309582619471
-0.4674927040966912
-0.4981398004224157
-0.6582539030375147
-1.272945624732623
-0.5030619795507583
-0.8769009341652931
-0.6115746087137538
-0.2587246213721196
-0.6282441857706345
-0.25001917093000675
-0.8089625439633739
-0.492557739595999
-0.7578908713777436
-0.7741607195494107
-1.2502667306731619
-0.6981245692382454
-0.17299526951816746
-0.8332342963274298
-0.8427527965310102
-0.5535010169648756
-0.43402639329751946
-0.3263574552155552
-0.6700389843435446
-1.2838408849666703
-0.5747932208424843
-0.5323708575101946
-0.4987032951526509
-0.5950879583966494
-0.9382948164065995
-0.7198652689134334
-0.5219831267194389
-0.6249084098182804
-0.4354652060539709
-0.8495515323724039
-0.3941507566847934
-0.5011189455253829
-0.6736164538929343
-0.6771190266154382
-0.5603096441712643
-0.7613931887286262
-0.3829690171005673
-0.43867662020660825
-0.8339306326595672
-0.37207653466155743
-1.0097806928899113
-0.37478725625947906
-0.345739742850106
-0.49399134188713634
-0.4222080104690772
-0.38717968854974877
-0.39323827365508335
-0.515434223987898
-0.5324958434905147
-0.5027565859202104
-0.5305976278626929
-0.525976361736885
-0.7998451769985716
-0.19392866222630528
-0.4369503505165332
-0.7589067243895377
-0.8739171137995029
-0.47968675395879634
-0.4212672993439793
-0.3879169258490957
-0.8037827093350645
-0.36904728198456294
-0.280795153869429
-0.34208963156926814
-0.502856041407632
-0.1655280574562929
-0.5898188853565809
-0.3811976235071768
-1.1283675158251647
-0.6245931369353304
-0.47663885713307125
-0.5386364883757828
-0.7732855091562986
-0.5126110126523307
-0.45805057668182503
-0.15322648219284413
-0.8850833642559359
-1.0773264842389996
-0.8659399465484827
-0.478384198073944
-0.41504142579644365
-0.5707491246415177
-0.5195106281515822
-1.1082962879428375
-0.3996661611417945
-0.4630756799125898
-0.8934948244929777
-0.897412441565569
-0.6129109185123274
-0.36391350947818285
-1.1658702553960927
-0.5760156543682826
-0.47564709001039635
-0.2079782934335649
-0.3884510906985056
-0.34417717276585
-0.2412954794454681
-0.8397477204890231
-0.2823364040080312
-0.2639920892129113
-0.4356263145810403
-0.6875715967826508
-0.8134061996108226
-0.6979909514230567
-0.5059648827942513
-0.30540982025853525
-1.123240853839359
-0.7658572424265553
-0.541095931933161
-0.5888268865200101
-1.029781881649834
-0.404818216720649
-0.033333333333333326
-0.47488526693234745
-0.5280220677082768
-0.6515478475805925
-0.13536458306624113
-0.5869835361715937
-0.4829329714930669
-0.5014609322407791
-0.676229098344118
-0.42024888123609405
-0.49957974027521357
-0.9831325753526359
-0.664144203637874
-0.386877165697463
-0.7408083163297163
-0.7884304204394831
-0.5702937394822852
-0.5850885486614619
-0.8482936084292791
-0.5555728177735483
-0.41028813775832407
-0.7870534655257695
-0.7754604654301672
-0.3326437647969398
-0.5412523013480937
-0.41928370370567525
-0.5542783114249807
-0.8833518301261774
-0.3780985521160501
-0.8370066694104275
-0.3793860370095615
-0.5632241124375575
-0.5523917144609387
-0.5416415530974714
-0.8431411561118785
-0.30178313144475966
-0.31491622718051265
-0.48170606139460903
-0.6916311827009101
-0.6420090881305169
-0.43370949503462486
-0.5089704218901016
-0.3662410883062831
-0.4493046832599001
-0.48359038447400043
-0.5163176090065363
-0.68574092640744
-0.5097795985487911
-0.4917680649124978
-0.5520913070413145
-0.4214273606703033
-0.6692721208466506
-0.3910056678174397
-0.6806240415266469
-0.5217847325701401
-0.40491289561823524
-0.517225428461091
-0.4826914239953297
-0.34567129184428336
-0.7264688602430345
-0.9688687917834897
-0.5456132770357768
-0.33501053974012207
-0.5107294720808393
-0.5186462288888825
-0.6944913613594905
-0.6039388824104792
-0.7623021185596964
-0.7260636510772833
-0.7183208061690413
-0.8839610133300572
-0.8259177897815331
-0.7200941076998802
-0.5934117345381695
-0.5015038741141149
-0.7605754201541179
-0.5526371967445561
-0.5915402032183616
-0.45959383982076907
-0.35722834045017876
-0.770383646674063
-0.8073276336414986
-0.33175195657202744
-0.6342021079433556
-0.10744265295410152
-1.0452437452026837
-1.0508209647362772
-0.4144957412638175
-0.39203220424982604
-0.6581301825398285
-0.25184943352618955
-0.9030437669363104
-0.905742892272797
-0.756534257854414
-1.445138879547066
-0.2543003216316506
-0.6008119967502861
-1.0420627894421985
-0.39405373671849064
-0.5623191742246665
-0.45697942248474266
-0.36757345104915995
-0.7604011594354765
-0.7216230285422518
-0.5653067689457024
-0.6432304934627173
-0.5308904702661685
-0.5365710410348944
-0.6748721973936289
-0.6342626375085063
-0.5782653605925091
-0.264360817134845
-0.7291203129521917
-0.5401037956848972
-0.579847687212223
-0.5112639117645562
-0.563561226677616
-0.4008911138421193
-0.6177333701133615
-0.6434834320316141
-0.6028966460479066
-0.2764261245958684
-0.289842293225128
-0.7341040083873938
-0.4336003952312695
-0.6255086146724207
-0.5350574620016586
-0.5791426879350716
-0.7552267010340609
-0.5793108675336244
-0.9592889762627317
-0.4624844912087148
-0.23096238342569103
-0.7141474363446224
-0.4986967560025705
-0.5937693475544913
-0.46494460823572203
-0.36852974343437606
-0.5092914721594246
-0.6159537963753383
-1.0718543487554708
-0.5893284191818446
-0.4277603056285104
-0.30833532876331854
-0.7132666566254965
-0.34483114972706785
-0.5392652757970955
-0.6530172833264419
-0.5526432362369176
-0.7783750651483095
-0.2585289517419549
-0.15022328107990982
-0.3559801305827404
-0.4521870339373364
-0.6169273090879672
-0.5068122424845888
-0.6280496093688246
-0.8874592067561784
-0.671734748264084
-0.3657744212689397
-0.4887212413956003
-0.4072925985393518
-0.4800786612397338
-0.510105418782314
-0.4034630731141913
-0.5615595522030045
-0.749466864832151
-0.2846803239421255
-0.42310231424366473
-0.6708712633701424
-0.4731807035192176
-0.1932961836839404
-0.7159177813191034
-0.9204103384154333
-0.8785631345321442
-0.25053124635557245
-0.28200849389601296
-0.9500419530213472
-0.4106958381438336
-0.30149546260658033
-1.1440814979041685
-0.6569112713092219
-0.5016302517735802
-0.39926355822059734
-0.17739018793596056
-0.7166666431637639
-0.7226535726837956
-0.8075748812458097
-0.28651385837859705
-0.42265305803054615
-0.3612207840008422
-1.1478280619614325
-0.7500600757750362
-0.7113271463048367
-0.47032864207398206
-0.7802068640952263
-0.431955847215022
-0.6870523832126196
-0.6684477155293305
-0.5932405491637794
-0.886398560443205
-0.532276251511181
-0.4267604367527806
-0.7711255468515487
-0.45927869677995836
-0.8948422079118626
-0.623138321559461
-0.6815886525521374
-0.5607051328356709
-0.37592359668089065
-0.45980554328451023
-0.6341641993465603
-1.0468003418196439
-0.6499154073732707
-0.621438378015952
-0.5767973537339848
-0.1783585335661128
-0.7859821667578332
-0.5944804393338569
-0.655294841165675
-0.7518366877968832
-0.6780142504488541
-0.8298417370478113
-0.5278821079657462
-0.23550033726879535
-0.17151123393074577
-0.37698293840469493
-0.6328032672486383
-0.6108682729153454
-0.2656635526832183
-0.5978100849149502
-0.46335155279125334
-0.6353426951870963
-0.5221893876626855
-0.28801965828418197
-0.5788805378238369
-0.6315729342278442
-0.6303810115454959
-1.0236581125886481
-0.7771714442723774
-0.7389633406694868
-0.667726923052847
-0.3994636598821913
-0.45988164320210856
-0.8552151624850713
-0.498509430254382
-0.5275838495140249
-0.34755512570032393
-0.4271878429189064
-0.573134096135381
-0.7822851192078888
-0.6107738729573252
-0.6938089054743144
-0.1589979286866205
-0.48193168305144474
-0.4376280445708747
-0.6252105359733564
-0.478158608466228
-0.7300468846869077
-0.9489501100467026
-0.9402711260634089
-0.49891527355285187
-0.5338260224586326
-0.5556063675045889
-0.8006307321251427
-0.2318704901569875
-0.6227815557712868
-0.44270445268693004
-0.9941467635145966
-0.3286995642317852
-0.43479767332080926
-0.8571567596075109
-0.6809505245940344
-0.677923860390815
-0.41128419706753017
-0.5291321723829465
-0.3714864655570151
-0.6624742663274154
-0.6689682828378097
-0.7365396970531289
-0.5386150698830798
-0.6473992173128477
-0.19460033155678638
-0.5832016052093579
-1.0406659515970955
-0.44278849555045785
-0.7272775550374266
-0.1485934579080445
-0.38547031671073356
-0.6893558613050655
-0.815062806987064
-0.2753505144703669
-0.7092404072398089
-0.7204223552452786
-0.8609066323439178
-0.3738814977073265
-0.4520063055689099
-0.6837737471374686
-0.19035753529999483
0.0
-0.153429901100526
-0.3628638636635566
-0.22646527528633645
-0.5399095646813316
-0.5839405905574285
-0.37652878293577363
-0.5146117200299469
-0.23882324502738145
-0.5130787248067449
-1.1069813586321824
-0.7059176253389957
-0.8112673160449926
-0.29881102986979147
-0.2534782815725804
-0.7955189288987312
-0.5154761581129848
-0.6884870015511169
-0.4415535931136449
-0.8617604894429035
-0.515755209348243
-0.34476036033261936
-0.5419824330986633
-0.5562800705670581
-0.6511353342887816
-0.84101859132132
-0.4483106095967822
-0.14619222551635028
-0.8356448560605239
-0.4393226321039081
-0.9206879430466085
-0.5557114090918811
-0.4458268320310227
-0.40418202410710785
-0.6000117058217712
-0.5035362995042862
-0.7942309844925465
-0.6348186688017691
-0.8532912119918992
-0.864422339248288
-0.3351466754959376
-0.5167099132804752
-0.46039173479648776
-0.5247111014504641
-0.32044339672415995
-0.8925011478721412
-0.6135402433716657
-0.5752096504595664
-0.19780661887141424
-0.8680526323271345
-0.4497209021870404
-0.49730822584276846
-0.896325681648596
-0.47748565483549066
-0.43651185107631735
-0.771795107793784
-0.5390895275150819
-0.6492856899991172
-0.48488446914895983
-0.5982955170503513
-0.4670475308881912
-1.1688609865945314
-0.6053264040998705
-0.4191954636144495
-0.45066960386755905
-0.557363736245914
-0.4084591214150088
-0.42928365450799827
-0.6891407329709045
-1.0232797044649553
-0.37701650443270285
-0.742795618539932
-0.4345463869446733
-0.5804664975266485
-0.3137222987379234
-0.6086206272926544
-0.334014360824497
-0.5727926038873058
-0.4747484060570163
-0.7643894741433632
-0.2692545513305247
-0.362410822194269
-0.8582649649199855
-0.825005254832323
-0.4065764619346884
-0.8402581493093487
-0.3683927408110613
-0.6392233027779582
-0.5440903360429147
-0.4053789719104755
-0.40055307428927756
-0.7549630770569231
-0.40604959782420796
-0.7645266590765935
-0.5558295352513577
-0.47291809454160566
-0.4639906605343326
-0.8506866896133107
-0.9468129673156762
-0.4786669907186558
-0.5702975332740161
-0.6598793517230999
-0.42441203590974136
-0.8157386896114804
-0.8589674511370203
-0.8218987819931307
-0.23753018524246106
-0.6903103622395986
-0.6348474456073776
-0.7183517509665798
-0.47897008708098204
-0.6360888314786175
-0.48329689599362496
-0.5310008712141794
-0.5086149045371382
-0.3561961046646379
-0.3599581129616327
-0.7214343454554786
-0.5233159442837358
-0.6878753736805844
-0.3147852699262314
-0.7686353971087683
-0.39906059417718187
-0.9959316496684208
-0.862044848121642
-0.7058797233957081
-0.48558719127675826
-0.6810730795280812
-0.7460183227054997
-0.5769868280804105
-0.7155554739527025
-0.6394070917347526
-0.551865497512646
-0.4629066700067249
-0.7520262836509574
-0.33537936944522717
-0.26501594553359936
-1.0156045037276995
-0.4185789497051947
-0.720526229865571
-0.8839136980597173
-0.1521029461602539
-0.2822966562926086
-0.712687418989283
-0.18002874214550513
-0.6481328757915298
-0.03333333333333333
-0.897939841067345
-1.0030982918015598
-0.6150615131104213
-0.5063794780552741
-0.5717662203473894
-0.6502955923179466
-0.41870355569703155
-0.6289517563381973
-0.3154109360127593
-0.8946563359262347
-0.53160525860542
-0.7858322446224577
-0.8276801646796612
-0.27202501421047
0.0
-0.22322684329546127
-0.3656176998342098
-0.43874955340736804
-0.5007718182752553
-0.8269040920174713
-0.5579302723629219
-0.6768437169167911
-0.6278402691813387
-0.7718328424441138
-0.5473713243307676
-0.27918247313389716
-0.35410960373033645
-0.704598895580403
-0.7208235596318379
-0.6668938376545499
-0.23561123699695494
-0.5974743566979592
-0.7233449734731298
-0.4278747614510318
-0.7229776504485732
-0.5503648296247086
-0.8029362326950672
-0.316886458899293
-0.4438954556130473
-0.593440008168384
-0.4442924641888478
-0.7375449607340636
-0.36828424640840307
-0.3345611727796541
-0.6508286860423114
-0.3146408517962581
-0.9135031822636084
-0.2502823196414953
-0.5428208149694291
-0.47239674030361023
-0.3577404666914412
-0.5280698239443367
-0.4537009153437226
-0.9080728874586529
-0.9992987378069859
-1.1538633180834594
-0.5011959114545238
-0.10624264731973597
-0.34649867260893635
-0.5556077336335029
-0.32804269112791345
-0.5290041160925552
-0.9422146003243159
-0.5271883104252912
-0.4798371528854757
-0.43075830205037796
-0.18302508946440282
-0.39400881363513834
-0.6719206942139238
-0.44725747302810637
-0.3102094856705156
-0.6238149480583942
-0.7005294198212778
-0.3549289862041636
-0.338296515274151
-0.6105759282887302
-0.6940528727502154
-0.7969481988630156
-0.5129664749667615
-0.5006423784098888
-0.35333612902829015
-0.6384107654017558
-0.5647771963061362
-0.6712278421886873
-0.20226218251324277
-0.5170023489081278
-0.41160020110905293
-0.020411630842529765
-0.49210781096830725
-0.45187912516701995
-0.6204747969371172
-0.644712496037952
-1.0187003548167626
-0.36409115261173497
-0.45497244519681534
-0.4564673439712781
-0.7888208202482041
-0.7910131498999426
-0.7045557171007156
-0.5809302508748386
-0.5075707863736239
-0.4535139104945597
-1.151957164247768
-0.7849956144454102
-0.9804168926543516
-0.4495556945634221
-0.6183934161813979
-0.24262042728343325
-0.35890154873871194
-0.7863800203471625
-0.5653790512999196
-0.3690197445966197
-0.5148556034851219
-0.5673484778066223
-0.6290942342206561
-0.5563856897052344
-0.47696964088127985
-1.1471197858900835
-0.5080524831962606
-0.294185045458814
-0.8150997057765997
-0.3525021934842263
-0.5449700792777843
-0.3932372723879422
-0.5603423090555697
-0.4193583734076983
-0.44734203851742566
-0.596884635220291
-0.796772829571678
-0.49294668261492547
-0.6069740091210172
-0.701048610149076
-0.6566898423906685
-0.44939201533894646
-0.25195015253502295
-0.8550571711512397
-0.6508061597409538
-0.2928063365818381
-0.13331252220729548
-0.6872970280212578
-0.4329643234820259
