-0.2
-0.4405014886026936
-0.2617719057839541
-0.24190931858218717
-0.29641518321635263
-0.07784366806436328
-0.5670001414947337
-0.24512839707679107
-0.49571201491736305
-0.43583345097267745
-0.17936894671662246
-0.2212559112357098
-0.6331152864739555
-0.42468435570510255
-0.35021633732529256
-0.25915985559372356
-0.01812213039534476
-0.35895548976029057
-0.1690566968648874
-0.32084219092582317
-0.2380940937419286
-0.2
-0.2
-0.2
-0.2
-0.4118526367408088
-0.06887033297844007
-0.44567580813898866
0.0
-0.4530303510166316
-0.4646280024380426
-0.18188039297096875
-0.1580885112536251
-0.35552365436258065
-0.430801347658773
-0.3842287003184137
-0.17881274953804327
-0.3629603531630955
-0.565628858036732
-0.43208155663756664
-0.03461610744081201
-0.6227093597464115
-0.09706543278608284
-0.20429506694353014
-0.2
-0.10000000000000028
0.0
-0.057116818949752485
-0.10552802467221754
-0.14676854840899267
-0.4178686074070591
-0.6066024447174916
-0.29504626518872135
-0.057542558416076
-0.22933278582995478
-0.08071745161063405
-0.23088384460726682
-0.38508835899321614
-0.26968143179166987
-0.7493054852210652
-0.033419077513244924
-0.16934352993670299
-0.24622617620922732
-0.2549016841579008
-0.16666666666666535
-0.17708030035183403
-0.5311430980909995
-0.2749441938936115
-0.021136004346864905
-0.12678254989791415
-0.17569265979664936
-0.2591079821080599
-0.1718585637994025
-0.23948895388795688
-0.03287919189849866
-0.2
-0.2870099060468848
-0.309509705270397
-0.39293995206670346
-0.16869882077828016
-0.30358441164995786
-0.5562903420585585
-0.6390157183997788
-0.14480018529129918
-0.3777807677643948
-0.11780625472027145
-0.23794370364098438
-0.10620869872388305
-0.2
-0.19708566185357124
-0.2
-0.28414769732503153
-0.19492753858202902
-0.19829386440099422
-0.08063231487963961
-0.20937593180106404
-0.32486785864931206
-0.24784702620498453
-0.20000000000000012
-0.4209341257116611
-0.4906358251769437
-0.1214573449701391
-0.14290615986765784
-0.13119185534247219
-0.4652492829700453
-0.17946590079600896
-0.3856950045882096
-0.3425299780953441
-0.16851086382065147
0.0
-0.07035531448629609
-0.42472236132188323
-0.13353465506279866
-0.3591733215829469
-0.04846798108557362
-0.5928475138935733
-0.24075264898175436
-0.2584400246097967
-0.20649087300553481
-0.060140191178408124
-0.13425698934873947
-0.476764485684293
-0.444507196742006
-0.4734429975371018
-0.5032286441499522
-0.15080500393003765
0.0
-0.06000042276467851
-0.2
-0.2
-0.11010259019484649
-0.2787216367702403
-0.24077301728925532
-0.1691189897967315
-0.2
-0.284088485272065
-0.19188694553922686
-0.15992974851228367
-0.21835242826589896
-0.32975758592285614
-0.2316519106948643
-0.32454228391360895
-0.2080001983727668
-0.3682853554543047
-0.2881409225146185
-0.1509625626608097
-0.21171082375236872
-0.10803347621609896
-0.2987728930182205
-0.3422914430695888
-0.5249727113431502
-0.21784036391587264
-0.4021446832017392
-0.12928609151580206
-0.306486706405413
-0.07701215013482378
-0.5862081331169654
-0.359191565820489
-0.27120085811025946
-0.10954622355687947
-0.3191844275010809
-0.16137200461030052
-0.15153894785035993
0.0
-0.31677857056022163
0.0
-0.4129135411466125
-0.27143762954350575
-0.44955167386525363
-0.12353007784857319
-0.23988618863933747
0.0
-0.0744759222819214
-0.1856595267396707
-0.13228783287475226
-0.16808877962294178
-0.11570493768539611
-0.49424893240562257
-0.3699424492889911
-0.2
-0.4666763612820949
-0.17845671054816098
-0.2642340984339394
-0.4785259681723301
-0.17340893611234276
-0.43976928365554485
-0.31232176730222383
-0.03670072074591346
-0.2610411326003746
-0.3009691664352742
-0.15201773269443464
-0.35685815345988997
-0.0371000503913338
-0.2
-0.4152960115277847
-0.4391356505667856
-0.476185401592714
-1.1123318743875132
-0.19999999999999996
-0.03333325139430316
-0.11265144410422961
-0.23723929653488166
-0.16411483156429546
-0.09193647714044542
-0.15302512564736578
-0.6456785279443454
-0.29048734518918773
-0.4752098908749979
-0.2
-0.17032112224482962
-0.30248199556250677
-0.31855893914424716
-0.5305497133517404
-0.2780027662311013
-0.5007272003550196
-0.1838307934019363
-0.4210717595922764
-0.4686033696019309
-0.12069890411676912
-0.5271131893167454
-0.5833449014697811
-0.1206326852710626
-0.1666666666666634
-0.1300948913552523
-0.03724046176365712
-0.18800747172356586
-0.3815161068815176
-0.13295176018728255
-0.06590770299714085
-0.09658094377406334
-0.23639380188567816
-0.19038051318293597
-0.3804341173180137
-0.12674658869892774
-0.3382810051235756
0.0
-0.465825139129359
-0.5149612200890201
-0.2844872958955897
-0.3838953572078172
-0.14091175807386647
-0.34679798329481154
-0.15995925198290772
-0.1422776810169037
-0.3994457359749544
-0.3114121501464283
-0.13283132076801446
-0.16666666666666521
-0.2901909214281829
0.0
-0.5848986643034279
-0.46991709351738925
-0.1028819916708895
-0.5481923814635261
-0.12451157220354964
0.0
-0.32436744512108917
-0.31026167013110056
-0.20643969220791164
-0.39776097868754445
-0.24876334847263704
-0.6937873431160202
-0.19580410332622844
-0.12767263401635173
-0.18698258167994256
-0.3032311124381466
-0.20717701087061427
-0.16920601015524211
-0.09843857392046046
-0.1831694730742714
-0.2
-0.228294055043433
-0.1325940393259951
-0.39774276076605947
-0.25903407190498373
-0.04360383445228194
-0.15080150134554315
-0.24937920828763485
-0.31584718367040987
-0.2159125578307849
0.0
-0.3652167966386623
-0.20806710198119296
-0.3999338962468383
-0.620669979198903
-0.44588801119238003
-0.19648413709703327
-0.45477952527691023
-0.34631829907402933
-0.8636913206086974
-0.06028874709346468
-0.2
-0.49934619656132534
-0.4185102389873542
-0.16923820486806077
-0.9884172035562198
-0.5914766115699014
-0.2565813647103998
-0.1413327213630467
-0.5957882682856592
-0.44862568114197243
-0.43287913547721524
-0.19634701870763704
-0.3297170191981725
-0.10094113913948724
-0.20712716140671056
-0.17450662128282976
-0.1486693752070043
-0.34488879112536064
-0.29323070296644144
-0.030968643678458155
-0.347753381577593
-0.24432482368189778
-0.15600747970443876
-0.41927280657900373
-0.2
-0.2780236436788335
-0.3919257160893857
-0.12158763412308049
-0.13333333333333333
-0.24408216743775335
-0.8035848718632325
-0.6445096729146137
-0.22546537717721477
-0.05904947897893531
-0.3290287386109902
-0.12280632827950964
-0.2675425330742769
-0.3221000350701604
-0.16262430211011336
-0.20045388911233777
-0.26992918370178387
-0.2950522038024538
-0.5407750286835982
-0.29756835777095114
0.0
-0.14905553762835783
-0.015236573261707725
-0.19655430142383695
-0.2
-0.20665616078017232
-0.2926614656732137
-0.2
-0.21184561215108078
-0.47851619195827627
-0.3988373792034232
-0.11725408396421075
-0.36205575046171856
-0.13179850748943397
-0.18828988622671938
-0.3124588277966931
-0.10360669090659282
-0.07445252014597206
-0.0746842169145698
-0.21052694096380126
-0.36478190849464043
-0.025274523742080633
-0.25655523305014083
-0.47956799210832285
-0.20839065369159745
-0.33339162118876503
-0.17191975017164063
-0.7203351183023806
-0.4710064002033864
-0.2
-0.2
-0.14727984739533803
-0.24149049572918357
-0.3690324127475289
-0.43469357286168
-0.2
-0.10794868857453466
-0.01361363639534576
-0.37217957506312327
-0.2607440739838508
-0.34833619269942295
-0.18261771550126366
-0.17778474440291073
-0.11236900681847087
-0.2465116709307105
-0.30315450406761013
-0.5918859189961493
-0.22524090735115646
0.0
-0.22802971446341835
-0.2
-0.4408300544281369
-0.3143672037270211
-0.3002435904327014
-0.050641071253575184
-0.35649384627255587
-0.3765289777196706
-0.32864968079059054
-0.2
-0.25215668794953683
-0.2426629843798707
-0.2236744742723693
-0.2341492577352795
-0.36301801367157505
-0.3117649791354311
-0.43278109465360226
-0.1721652517807409
-0.37567591793667626
-0.20951985954303026
-0.26897140617206194
-0.049935100677285016
-0.15732166087318472
0.0
-0.290683897125235
-0.051787423854134304
-0.2975381309183206
-0.14851348866060746
-0.5003940148834078
-0.32726889689231387
-0.3505243547007125
-0.23905583861954793
-0.4592733010834591
-0.4171881644384737
-0.16073317924658725
-0.15821991777467986
-0.08827467013504287
-0.23376092029233056
-0.2893581898835694
-0.43330907363008553
-0.42354073874861786
-0.14086585728908585
-0.2872944924757658
-0.2941274989798399
-0.30896049810101867
-0.18387008611659927
-0.34837429711060086
-0.1333333333333334
-0.29053810078722364
-0.1659315321750757
-0.8660483879317254
-0.4756531064155679
0.0
-0.22003764018874544
-0.27083998584395375
-0.30822954803878905
-0.5270555522580885
-0.46854971807830437
-0.14914888099785473
-0.2
-0.1083945213485743
-0.7290792631529883
-0.5322917899396892
-0.04656612883911491
-0.13508884845180924
-0.43975127345036524
-0.2
-0.10342822609377922
-0.35935389833423537
-0.5453560095613227
-0.46113171462995184
-0.28723178644209735
-0.3038923068322915
-0.7160299290945806
-0.12222372025424702
-0.2713006263605582
-0.2
-0.1244215529002658
-0.182899438308169
-0.6949643144116431
-0.24908286456891265
-0.16666666666666455
-0.23388143104238077
-0.20000000000000004
-0.2
-0.07065047102230088
-0.30403902705128993
-0.19949465664855615
-0.3961275030752905
-0.14829678365059792
-0.07646691966494856
-0.3134045419345097
-0.28460507588509704
-0.05393880513719186
-0.3195711385377859
-0.18966873619237562
-0.43395268377405405
-0.11598396127228194
-0.1941383408142852
-0.2164533842117523
-0.3103779799068488
-0.35657558288667884
-0.1930856465785401
-0.27780857800135755
-0.2
-0.08863188231376648
-0.19999999999999998
-0.1516325582625993
-0.8983660602830043
-0.09999999999999881
-0.5145924235871133
-0.19677019757434502
-0.2935317201409984
-0.14486820942045078
-0.7177164186880287
-0.019810532773900862
-0.4371085707432709
-0.7936848406263464
-0.16438048434361927
-0.25736446016419057
-0.027314934236355153
-0.3593606862263746
-0.19663380377486972
-0.11543274695920544
-0.23241634717723758
-0.2846692413239529
-0.2589474237341455
-0.06786991691465524
-0.39244697822691277
-0.20827087153035234
-0.2550355321791748
0.0
-0.34240236133845586
-0.07785753474538504
-0.21020188294038206
-0.1260168003370666
-0.20079690218022953
-0.32841530927506574
-0.25660978387362604
-0.32828107820347446
-0.07796632569351711
-0.26609205568113026
-0.04570996152645594
-0.1362494745496145
-0.049529206692538644
-0.2238092402855561
-0.17473298086093808
-0.08669357202165083
-0.5463249741542244
-0.32507163029325603
-0.2
-0.568664392853104
-0.18076237935953893
-0.27313596475529944
-0.07286742340730634
0.0
-0.0290549215343434
-0.0995647336838579
-0.08612545987894757
-0.17542180262957474
-0.039867767337687245
-0.5374639640434716
-0.452355575974351
-0.4055028935028214
-0.2
-0.4859327051534299
-0.387183685667708
-0.2
-0.3223975127534209
-0.30346890015919475
0.0
-0.2
-0.400639669807355
-0.4367094773377595
-0.5774276318552386
-0.1805772010271721
-0.013841157497422237
-0.31169042113444295
-0.31041907107249317
-0.15148691557978494
-0.2
-0.46017554505869707
-0.2666666666666668
-0.13631335430662883
-0.20000000000000012
-0.33007236967321607
-0.1687113704387628
-0.10169872168941349
0.0
-0.13945556810544935
-0.1787499271256861
-0.30287838303559234
-0.07418642800540562
-0.636532425195402
-0.10065329072124816
-0.3805746347296429
-0.08348285440315874
-0.183214398761961
0.0
-0.051167798167143126
-0.258819047087185
-0.14600012388029823
-0.5682234775840407
-0.35964158270665003
-0.2741309990556954
-0.4509500737168283
-0.17036181486687443
-0.43983143708025074
-0.48954375529700145
-0.08850121775337152
-0.30763618048793395
-0.3116495563486402
-0.2
-0.1
-0.2560284432489043
-0.425004711588503
-0.23282760007632308
-0.16181081413707038
-0.4050268214847473
-0.17918940007170187
-0.36460994425647
-0.06877223193327478
-0.2468275981765053
-0.5383014114711492
-0.14978611038141507
-0.16095073088776515
-0.12374284224479468
-0.10000000000000005
-0.13459509673476647
-0.6128865481344782
0.0
-0.24794352207170206
-0.21234484974977816
-0.12246987927405767
-0.17117311681825909
-0.3725890218781125
-0.27028810512409307
-0.8966318658731907
-0.13916403982625308
-0.412937130020072
-0.2358929220690365
-0.10864546494039412
-0.15453663950618612
0.0
-0.10836777017914231
-0.2505881235463602
-0.10809007586815228
-0.03689789398350084
-0.46016216995422804
-0.43579153326699405
-0.26771905718429595
-0.1965661446864372
-0.3666666666666666
-0.45150266638775194
-0.35535471418711084
-0.17810760883533208
-0.4391399863388871
-0.4503526395735756
-0.3031363223561934
-0.3044882734517169
-0.1965571813030154
-0.08971206551169844
-0.8340128585311493
-0.21093780677959179
-0.6410515980358713
-0.29800345611172085
-0.4233459330441404
-0.04504465579389942
-0.03498659735446413
-0.09393353333236475
-0.24345858191375475
-0.10754724109670218
-0.5759522252588072
-0.39942204354318617
0.0
-0.07747390849131683
-0.2
-0.2
-0.2
-0.014600264183958458
-0.6079499884568598
-0.18434374484938393
-0.5922190930392873
-0.19746181649507383
-0.2
-0.09868229125376778
-0.09833337776764081
-0.15957281422074288
-0.3158650252116493
-0.43401858589820663
-0.5264630326291583
-0.4001420811204591
-0.11630191091747322
-0.295516472011779
-0.35008437576131685
-0.27613644600685994
-0.39519314498414954
-0.25456507665381667
-0.0387774230194385
-0.1107046851415619
-0.1674777552824262
-0.09692637757007745
-0.6416739046984269
-0.20101675822874848
-0.21651258144441668
-0.20910130313881742
-0.05826933136320003
-0.24574461080391438
-0.3300929178929154
-0.23921270268320172
-0.5440758865514265
-0.2891078808209561
-0.6598533611823231
-0.31408355777836383
-0.11107475965396987
-0.3503430441616245
-0.055959165112137596
-0.35896396969416733
-0.6360666978422501
-0.6708423365307863
-0.1105270336216864
0.0
-0.08086607373403444
-0.16789122348237073
-0.19166312209244757
-0.3900714187313555
-0.07526987238321997
-0.5052882163708838
-0.14885336154945206
-0.3325927283881783
-0.0763554539972254
-0.29934176320545736
-0.15213973897138428
-0.2
-0.18658372870043158
-0.25637107047557917
-0.2394517967585731
-0.11813933482607814
-0.1840320893789653
-0.47185987028280074
-0.19829219187407965
-0.16034582964636673
-0.18834949368806778
-0.361508097751121
-0.26805012955213525
-0.4734348720257188
-0.09010822745888776
-0.3644561369353455
-0.22163841501168552
-0.1365773339093077
-0.32982501552705157
-0.24549213079138776
0.0
-0.3808397393981724
-0.2826950200285008
-0.3964194556895997
-0.2106140288149435
-0.1457528192173817
-0.2334497602378739
-0.5025470226122086
-0.26924849719556176
-0.17267155505776646
-0.33371507897287755
-0.3179622891372833
-0.6324909853500866
-0.016851433591939302
-0.22173380487788136
-0.6292218378227943
-0.3042952638479187
-0.3102111148277434
-0.26548149807816196
-0.7308041567460177
-0.0849268312773982
-0.4063238026704913
-0.5376151645739705
-0.23428852363246624
-0.11943910778179055
-0.4696935463874534
-0.21905609833183906
-0.5320265770678068
-0.18485415572518216
-0.07699859435310258
-0.03012383155028229
-0.24358900041861953
-0.2
-0.3744959365733267
-0.21945621333356563
-0.5273953100399426
-0.4066139772922966
-0.1
-0.033333333333333326
-0.05123274872822632
-0.3228878607606428
-0.2
-1.0309243248816053
-0.5354922703952888
-0.054908564775760275
-0.22965083510616538
-0.16926592505937388
-0.13598588808698797
-0.3725268332402377
-0.13365368358526114
-0.28354754519415865
-0.3821647146372564
-0.20186859722904862
-0.4502975486517327
-0.25694877606682925
-0.3793493427162926
0.0
-0.3431838647224232
-0.5590357954246369
-0.2751131881519605
-0.23121808151428339
-0.04621777919960045
0.0
-0.19039867876797215
-0.4544021105060304
-0.30686448656996196
-0.19219042939864028
-0.13086158376078777
-0.4435731229478481
0.0
-0.17160752719764347
-0.5295675726238575
-0.20000000000000012
-0.2
-0.31791557868562365
-0.21401259001333992
-0.2856757763572652
-0.44980437888804725
-0.09116773057095953
0.0
-0.03235842240764554
-0.17385505343930618
-0.2889801116761104
0.0
-0.36758382192100864
-0.05118492500400266
-0.4160614808584206
-0.03333333333333333
-0.018996281070578307
-0.3961318041177662
-0.2823879141211471
-0.1517833546065309
-0.22123240082586926
-0.2
-0.13997011207424087
-0.5662657205891019
0.0
-0.5444049715334373
-0.21331433023297675
-0.21313090745887292
-0.43807622147100034
-0.21114492667816234
0.0
-0.06870338898870416
-0.2
-0.2805761946754726
-0.213236546055582
-0.33528678460941547
-0.11428695413736326
-0.21796505765863816
-0.34153046551597466
-0.4282817490483205
-0.04100186271257139
-0.10223391154934941
-0.2265663608196651
-0.2
-0.29563599123092893
-0.5505159591128894
-0.27615595924153
-0.2
-0.490461577329797
-0.17343064144965012
-0.21648608254390903
-0.033635372187560485
-0.14060574560213718
-0.2938584751957377
-0.2
-0.19594399415169916
-0.5335000563524199
-0.10073355686266272
-0.2722798261039354
-0.3573482560239657
-0.2
-0.2
-0.2105897056325834
-0.08485656213640712
-0.5792866965503242
-0.2449404067772107
-0.2796505296892424
-0.7507850886062857
-0.38409253749981415
-0.3512617166089397
-0.2304098238656524
-0.10424278570452657
-0.39830607159614695
-0.09007013929083087
-0.21249416397004825
-0.4294358698960782
-0.3126293211061596
-0.2899561244404886
-0.721752976045979
-0.41206773421727344
-0.2
-0.17884423895394372
-0.20039595199540167
-0.1515687440051792
-0.5281112601994967
-0.484037136128073
-0.2
-0.22713380805397504
-0.05840418084436812
-0.24568790848153765
-0.07297907731531163
-0.07664704571746109
-0.39568641234132246
-0.3622002567505265
-0.41652473051669164
-0.16964696093844855
-0.44678733532302733
-0.3008522653490563
-0.742141250270265
-0.09766723959463475
-0.2
-0.7067143636298104
-0.3029657760443599
-0.4311585826181563
-0.35745078273994896
-0.17675695512713016
-0.3191354880436637
-0.19357680731842616
-0.25471589548718
-0.317962294695728
-0.2624356708710178
-0.2924710267155286
-0.1387928360357431
-0.2
-0.519991963148231
-0.4404258141209418
-0.261402965767767
-0.2
-0.3991581925954256
-0.08945389806162238
-0.2391320869461776
-0.11350227768894534
-0.3906826074536347
-0.23379445142819677
-0.1722164005644085
-0.30961211580413805
-0.1875250506509698
-0.4466686631000239
-0.3955325937515915
-0.23031783292912447
-0.32453919436159817
-0.3656457832971421
-0.05142717778828271
-0.45174990666561793
-0.3432088872191681
-0.19999999999999996
-0.0504882491861642
-0.05788960330613888
-0.23967429842004823
-0.2756262239389797
-0.7944983030284423
-0.2387023970812926
-0.1325933947118451
-0.26935215275091573
-0.34644985106926296
-0.3451272003089097
-0.12517760189870156
-0.19861782342296583
-0.2
-0.2
-0.599593721527461
-0.17412052033648157
-0.060526267316674945
-0.08872586549372292
-0.17812179543890688
-0.1929891036342143
-0.10608169736605008
-0.513541892669188
0.0
-0.3451809746705705
-0.19187655849179608
-0.27575104199814693
-0.23507796010381296
-0.763517159633391
-0.24420041052421357
-0.1772775171271378
-0.48134980436573216
-0.1544121510407462
-0.4446713599326586
-0.3957308263442178
-0.22063662408615775
-0.3688011075396656
-0.13523308401146122
-0.16332753984828335
-0.2
-0.5024569468995738
-0.18177940060758266
-0.2
-0.4968615678221112
-0.5431547376024142
-0.21002400477041305
-0.1718038724214026
-0.25925741750751996
-1.0587877244287165
-0.014480685336970691
-0.38946747473121357
-0.1477162288101027
-0.44939880552121425
-0.17951240418276188
-0.4957072004468297
-0.06844691668311487
-0.44885500023481284
