-1.2614156608498184
-0.819853083059993
-0.5191457636657264
-0.740768971466179
-0.8885957071401419
-0.6840322854022305
-0.416785397209484
-0.670102323497914
-0.7034557991915906
-0.5899138654805671
-0.9954214497803592
-0.517760501359184
-1.0172030206241491
-0.9752835209084537
-0.33899115994620677
-0.5590196657609882
-0.791736092447868
-0.5379819405491801
-0.2501528279044526
-0.694143537006044
-0.2874707465175783
-0.41795140100577893
-0.9043395227170322
-1.2341683898425078
-0.9450259359810852
-0.4527593012893276
-0.6946980241686274
-0.443545228799711
-0.9530243329691446
-0.44945670321064757
-0.6104945456611002
-0.5314477516178903
-0.5034867038587229
-0.4946434430009099
-0.4124809221536001
-0.6928504975852228
-1.141290492590427
-1.3948419782889978
-0.6360347086790651
-0.49736450872523896
-0.585220448358651
-1.1624012308610518
-0.45125738607420796
-0.45464713175891225
-0.3501299751756884
-0.6254786269346824
-0.5816877919764296
-0.7602811432530703
-0.5304892406649351
-0.6539095564504447
-0.6712775265158522
-0.4205543282060437
-0.7065686004090435
-1.2630351564979094
-0.8549297454297395
-0.70986272157509
-0.7674759090032278
-0.6569790297136359
-0.23063052257867475
-0.5818715487797188
-0.7565121784407021
-0.4825340884409109
-0.37725054279484627
-0.7229015958788925
-0.6893463169466719
-0.29413209390137507
-0.9792240984126955
-0.8108301135525899
-0.8354824441624775
-0.5168808300776209
-0.5003368319661061
-0.8814980319721569
-0.4239067811878235
-1.0210333755299803
-0.7495275090679253
-0.7436511785865119
-1.072836870284896
-1.1310627437550103
-0.500449442073372
-0.7184662104869664
-0.7830879314195445
-0.32866742408137933
-0.8869421550040139
-0.7889496442497745
-0.5553913939734889
-1.435361883856449
-0.801614159277681
-0.6185666218684134
-0.6199498147716113
-0.12128606185883861
-0.3659965367779754
-0.6450369752454302
-0.4884237244294017
-0.8579622934630751
-0.814508915744075
-0.7517474438725628
-0.5362485317194846
-0.47548279570008045
-0.4947066109849357
-0.6195925887911977
-0.708931600450556
-0.5806264104548876
-0.40972276256084594
-0.7147438010956391
-0.5137173402688912
-0.7402567042720907
-1.0338336790658222
-0.5847499116206833
-0.7742418045692123
-0.8964635561909688
-1.146954637248283
-0.7036130411015281
-0.7097922659428482
-0.7177822970752756
-0.6718169584497065
-0.8985179823750417
-0.9738591737372867
-0.7342985830726564
-0.39050996109214586
-0.9827839508560045
-0.6079628433051024
-0.4604247550710169
-0.829767746517145
-0.5860004933988905
-0.5043885898325813
-0.7950702105165461
-1.0346480727666458
-1.0004071320707932
-0.4612688966792785
-0.3841304917889058
-1.1818314179323364
-0.7450916503398595
-0.3490561539052231
-0.9303549123388228
-0.3138882303413589
-0.8375392372101345
-0.4521058942859208
-0.6595347126911639
-0.5041666080688818
-0.45446186103701525
-0.6585257079511037
-1.7613647780482664
-1.0241833070959536
-1.0898492861064053
-0.5605222419608842
-0.23228047678724004
-0.5780849607915166
-0.4607850900390883
-0.47274780191358423
-1.0382639811754832
-0.4645678851155767
-0.303867318972243
-0.574383698716543
-0.5131999715251695
-0.7926484723308558
-0.3780155074114604
-0.8064841884311784
-0.3924429784724594
-0.6965093664147745
-0.43387623737218445
-0.5762310996968171
-1.3321858422160293
-0.5583361191184013
-0.5270899491357219
-0.8441597036459454
-0.8524253722551305
-0.5425824951085304
-0.8860523541989433
-0.5716392168090418
-0.3835894785519669
-1.207767408891258
-0.9805067884183251
-0.9730796013741003
-0.41707033857877784
-0.7246349866793618
-0.8577952497291603
-0.45433353545259036
-0.4818813083597137
-1.0800288141347638
-0.6906146362674601
-0.5003152570518707
-0.7782640045449994
-0.7112844300246985
-0.7605015361343588
-0.7677080360394591
-0.4571974073602248
-0.9050395337795254
-0.7191856449622724
-0.8821145366308079
-0.726498652141477
-0.45356584717475196
-0.6287157453826702
-0.3767229636995025
-0.4664397448348677
-1.2644620090131327
-0.5846564607490942
-1.037136536554147
-0.7142107812856363
-0.593867634179193
-0.41110827967824715
-0.2287135903755561
-0.6773171751580764
-0.40490511486643394
-1.0685237784519634
-0.6020947346292427
-0.8827649761414836
-0.5530335437009489
-0.6629560684173353
-0.5345534385998746
-0.572574502183028
-0.5089431320178577
-0.6700313819075893
-0.7632141693129815
-0.7024468080073714
-1.1456422736861318
-0.29402167887304065
-0.8088385182090304
-0.5524980834751583
-0.8377314964548066
-0.9899246744565423
-0.9424706888410176
-0.9258741008020422
-0.29694824140412285
-0.7040507552869418
-0.3233918587659701
-0.8317203478023932
-0.7621408898203663
-0.9503696929079053
-0.3454396009075626
-0.4585861555803894
-0.40695763610678887
-0.5310244750005781
-0.7431698830079175
-0.6111170113600294
-0.6763308504543637
-0.7569950436393507
-0.9310420488808616
-0.6116683051102734
-0.6481684590427501
-0.7913057017814795
-0.4041469890998778
-0.876088584836716
-0.6885443426154733
-0.8220232787601385
-0.5559171808995249
-0.6429796519112434
-0.9199949546965851
-0.6374595641516404
-0.760320589028293
-0.7293203985933701
-0.5761420052412033
-0.5284973251049006
-0.7204527215196228
-0.4653226560329565
-0.8001998702754207
-0.6519412225824935
-0.36247739431818277
-1.1154517034996845
-0.46052415866415325
-0.4263872921643811
-1.2081557190665337
-0.5776914166386603
-0.857602100680067
-0.6133147825180656
-0.936852469634799
-0.5775008963026043
-0.5998719848266282
-0.6323224911945835
-0.5602355129193805
-0.8369816943791999
-0.6482911302170715
-0.4541399089619729
-0.48397021692354913
-0.6890774765473301
-1.0909652633532352
-0.7856831217228446
-0.4413748794192289
-0.91056957470019
-0.652247559113319
-0.5554163227230015
-1.4508371503734712
-0.7595150335793945
-0.4794511936317002
-0.6132828561512211
-0.7423789701240757
-0.7439127231422276
-0.5994669653528137
-0.40516991146006764
-0.6407091666342827
-0.6065931391372974
-0.8180739650201758
-0.567488772741646
-0.6596675796998457
-0.9211990081482146
-0.5021249936735277
-0.956723246370464
-1.2654170353448275
-0.4904215405860146
-0.6435935912205925
-0.9345689611536009
-0.4484495041274865
-0.7951159982789756
-0.6733288807984783
-0.41871828440398867
-0.5986085498680226
-1.4661872490473602
-0.8038883460263582
-0.7272365159078739
-0.716849876906661
-0.703563130290727
-0.6690426245062364
-0.48603167201708375
-0.6825543551120928
-0.41513700088105643
-0.6176559154600226
-0.8699784432886782
-0.9438390097974616
-0.6514178721729396
-0.9008124796564824
-0.5202258707521347
-0.8136805470136848
-0.9461053032858848
-0.627682084107013
-0.6985309751328125
-0.5068500054595656
-0.802733045410996
-0.5669961342532939
-1.1495919973628215
-0.46343573398239807
-0.5873929448019447
-0.507529795730425
-0.4142413304506729
-0.5414256598120081
-0.5821776896183295
-0.8996125671606254
-0.591096400294021
-0.5425635059396521
-0.5303883479963373
-0.8655830946142529
-0.6807366248359074
-0.8620194646207019
-0.9826100982888747
-0.4456373616420243
-0.8401356709069359
-0.559919991130729
-0.5767881579881251
-1.5134920819695636
-0.893256533961121
-0.5643755554894514
-0.45456736296688394
-0.4774274039525718
-0.6355313915107297
-0.5166373078820391
-0.5384329292171576
-0.6943267075401119
-0.9927748160059928
-0.6104809236279384
-0.557408899348351
-0.7481815156987284
-0.2726063943014797
-0.5010446238109413
-0.7034737749303875
-0.7645166447763433
-0.4447267843764954
-0.7368125339103451
-0.64817622895825
-1.0459216156099649
-0.4642015394414874
-0.7107625945808655
-0.7257099426041289
-0.5412580283101034
-0.8123372209952835
-0.7340283529691267
-0.47947783356457707
-0.29880852030884253
-0.3935259246039434
-1.2119790987368075
-0.3176027816227413
-0.37374262681183074
-0.7955048727978798
-0.5226228220569459
-0.4228951835021597
-0.5689873472559237
-0.7935523201185415
-0.4978693526283397
-0.8668246788278294
-0.27107672882935513
-0.5402772259141941
-0.45956994657842276
-0.6284769981602603
-0.8538692765779684
-0.807488498251697
-1.0561908091259686
-0.6599209060556995
-0.6060653419283043
-0.6388090109107827
-0.5348820439602984
-0.8678586525032711
-0.8027014896238281
-1.0289014010932165
-0.6755318353088117
-0.5613644869612179
-0.7958767521495924
-1.0599169151578665
-0.8676790643740047
-0.8651908297757724
-0.45777080654496083
-1.1614766825147593
-0.5496710476246007
-0.7522155835502469
-0.8248966269579239
-1.0143320057947016
-0.8529793084636004
-0.8357064379892468
-0.7744130279385832
-0.5854133234980404
-0.7299450839104742
-0.6734848806584375
-0.9249899590507289
-0.472424081126267
-0.46846634256519937
-1.1353810202671664
-0.8168610160649526
-0.5102584498067563
-0.6413077468947229
-0.9378560737276355
-1.001232880323061
-1.3892054432781356
-0.34168878845196693
-0.5637421590700645
-0.699017455613766
-0.8684452944681842
-0.8256946609396725
-0.37444077340218646
-0.3495505330200646
-0.8694449609501654
-0.7912094381878274
-0.5042037037167548
-0.5113348492805855
-0.3518644556491536
-0.6035356718107608
-1.268898344884083
-0.5378584450693906
-1.0179552736606101
-1.0634725483958714
-0.5219021415437763
-0.7822355122149491
-0.8316405779238996
-0.7941684118148364
-0.8563801801463964
-0.6665633713489808
-0.864259715624088
-0.4324054024952807
-0.4351954751508662
-1.0056859637597617
-1.0077066104555026
-0.9196559636068484
-0.5783728348508578
-1.0036105493798106
-0.6685294651160905
-0.7687647769784592
-1.0328001294754916
-0.8191299547865883
-0.8151598399333259
-0.4827463246434753
-0.7711909172896074
-0.45389979720002843
-0.606488435786219
-0.41552356793819345
-0.8693238634134398
-0.8421915904990932
-0.47260204112653614
-0.26666666666666655
-0.592553149075183
-0.5075187649200014
-0.8526716429596756
-0.22088366080329797
-0.5879878185962162
-0.6407382257338751
-0.46165793694981533
-0.7970659929326974
-0.4725831224735759
-0.31433064446417314
-1.4649567529870748
-0.40932988165025713
-0.9913169962492309
-0.9396439666885071
-0.5908532792259178
-0.23274567350959086
-1.2129063199629149
-0.7382237765192543
-0.7962823428458349
-0.6609957708924379
-0.8544603044971132
-0.9123805895309713
-0.844121561701237
-0.7591949351633339
-0.790047553566613
-0.5480042903560828
-0.5281662995561102
-0.793346870138519
-0.6612859088379486
-0.8530849102162004
-1.055359897440042
-0.9280847265149575
-0.7536135656950224
-0.7575565569492677
-0.7577592696172855
-0.5360263569750913
-0.40121971300958925
-0.5866053307865486
-0.5231748209239387
-0.8847077137708642
-0.5853658947524292
-0.6904381721659766
-0.6743030353076073
-0.4289076939895584
-0.6401858020698323
-0.21414008523341374
-1.0553608191786175
-0.7051308125121791
-1.1122618445805532
-0.763295538916574
-0.5800760449211192
-0.6551761290476494
-0.7703066292263256
-0.9098722433712246
-0.6979679348298763
-0.9061817338475062
-0.5397668146484039
-0.4415984853400867
-0.3580881667293555
-0.6238901525002636
-0.7167456113983706
-0.6654339649918701
-0.3837774673252098
-0.9224627329529232
-0.6950511861838172
-0.2715806637792515
-0.4738156372055926
-0.4631991000478155
-0.9598464868895755
-0.7701769274024697
-0.591898446335557
-0.5484291302610453
-0.9167896070850702
-0.5596130843941911
-0.6761526374661625
-0.6647736096282479
-0.1951731492532463
-1.0399921221183297
-0.467944861852027
-0.3515049263207018
-0.9645808840777322
-0.4704216777921731
-0.47776651770508627
-0.6840772348197313
-0.4725471399557971
-0.6015023885353342
-0.41083966162731317
-0.2743070697404585
-0.8239134986175103
-0.7910172863302574
-0.9511936204531017
-0.49257786790452696
-1.179701013698103
-0.38624094729289155
-0.4790022570005899
-0.8416425928164046
-0.9525448697519232
-1.3161050104778838
-0.42680809513212964
-0.473863202030343
-0.38833588600073216
-1.0204082586252388
-0.8340917728702748
-0.9112222315173188
-0.34812822110369535
-1.242074502524742
-0.46707677613051346
-0.7551723931385014
-0.3358745931482995
-0.47565547547813514
-0.5331740080006007
-0.5541181406684669
-0.2
-0.6280375880176577
-0.9260283750357325
-0.870478747051529
-0.544418288280476
-0.4528836880171597
-0.8409506743761657
-0.4910615285324488
-1.0114589958632596
-0.47075512925183904
-1.1271560089821242
-0.8395694796725636
-1.2864740462610311
-0.5501150946956128
-0.4026873399945966
-0.4686130181595706
-0.4490908080930744
-0.5069068374272161
-1.0190966794259104
-0.8841340799075911
-0.6058617124093872
-0.9367191057315574
-0.3719366742922222
-0.9240374524448043
-0.7874192442009035
-0.550492561970551
-0.4944007320869745
-0.9442741098719072
-0.4262771508222284
-0.40298303668470054
-1.5125471792806826
-0.834301160481366
-0.8074481398396389
-1.0703307953570569
-0.6634753344870645
-0.43794554091650434
-0.7120637557021061
-0.5934582415022446
-0.45176697224150586
-0.6667656076987393
-0.6359146046066071
-0.6975520290196461
-0.4908632288648656
-0.5518296912924039
-0.7589509761945779
-1.245629783758492
-0.8081594508062598
-0.38725293338444067
-0.34316056150309593
-0.6245937593142421
-0.9838035767211587
-0.6288217214432642
-0.5157403573337548
-0.6106148463345888
-0.7047055861716301
-1.1762896858959198
-0.7463731702879177
-0.4563530906140071
-0.8084439289907398
-0.896278097036496
-0.6420535256482207
-1.1782637089650307
-0.3277360393731357
-0.9032490363194884
-0.6446720905104334
-0.7475850894917255
-0.23580960355941158
-0.9072409755692504
-1.1418275487394725
-0.3010258101634401
-0.585921621265185
-0.4726454103852922
-0.6224223545400129
-0.3476407044047411
-0.9005377710894414
-0.9326345275028259
-0.9650179333489396
-1.0108034119942972
-1.1878361391745138
-0.5611241391740156
-0.735545132860328
-1.0133806495655864
-0.863737212406672
-1.1783614461027394
-0.6240231179578809
-0.37768169428321374
-0.3465640477572567
-0.3702950463897652
-0.4217604475664175
-1.0286611222357795
-0.597661587837859
-0.9936313743653935
-0.5695219791826653
-0.5869171944809657
-0.6468028371059469
-0.49366139060463066
-0.8453008194093296
-0.6707964766228623
-0.6653192702711768
-0.769045488677938
-0.34359233713843146
-0.7243155765533138
-0.8513363734926267
-0.754103058957683
-0.619886290960346
-0.7323527888733602
-0.597473482412974
-0.42863938741416485
-0.5437305924097375
-0.42689335272233386
-1.0223855071909869
-0.7944302478543158
-0.7208398400809352
-0.7631523765291041
-0.7231018025072494
-1.8646187408081558
-0.7175987696000163
-0.5612660337963403
-0.627799252802831
-0.5503813889364825
-0.3392420872524718
-0.5020628316425987
-0.5521388435460982
-0.8070124872244111
-0.6914566673607317
-0.4297766494685477
-0.47419936218857606
-0.6472056307438447
-0.4796969234875198
-0.56253435978914
-1.0811767882379804
-0.7559620596049663
-0.839356099569402
-0.6784035514416034
-0.5256761551146709
-1.2448071270616161
-0.44464816424541587
-0.8112899521027406
-0.2689654545310336
-0.49165346078710703
-0.6463898623075844
-0.7130152927076647
-0.4571866487198888
-0.6061555494612183
-1.0294519011274441
-1.2097899709449673
-0.5357295889094957
-0.682384590543782
-0.5585078061315478
-0.5650783035981852
-0.3562746650581429
-0.8723932360729127
-1.272828464248757
-0.28481294324737416
-0.6374306062682076
-0.4707883166685951
-0.8434332182363051
-0.42797708600846196
-0.2943179100225118
-0.2774680389487176
-1.1368747313016263
-0.9160099230752045
-0.6338210251357211
-1.4232397722684875
-0.5905050455063032
-0.5932743540902955
-1.1013404829296498
-0.5412840155848808
-0.6543133142384713
-0.444913566726018
-0.5525195477059057
-0.700939130892488
-0.5744215273872051
-0.5965575086868905
-0.3665111809877407
-0.9331967406723995
-0.5670971207490766
-0.7520097864243476
-0.8766095570421233
-0.6484581025898188
-0.5483909406989539
-0.8218285548163751
-0.9078612276504319
-0.4974348903914988
-0.8676259283974619
-0.7628708139381674
-1.1234045833708965
-0.5531299846055637
-0.5514526366126394
-0.5266734211109126
-0.669785237051364
-0.5353004709906055
-0.9618395714260533
-0.47897324971232225
-0.3756849713284619
-0.45607573710411997
-0.6129584693924166
-0.4901973361818372
-1.2912417622365624
-0.3930682541122079
-0.6652037977987864
-0.9546605102900644
-0.8411787871197249
-0.3666666666666666
-0.5843292570593043
-0.8123796451118288
-0.5289553135370075
-0.7860789897086254
-1.01070611493486
-0.8021555878703278
-0.46095764275499795
-0.5928200229418136
-0.6906617604690548
-1.2875138116831446
-0.6853025587430438
-0.9810044663831521
-0.6201886359993757
-0.27654750906871267
-0.7356088525936464
-1.09612651122142
-0.45047957785124393
-0.6767131669810275
-1.0765987284629004
-0.9753403646806718
-0.8411689801869714
-0.44735911062291
-0.7131043429932231
-0.6154504282875676
-0.5967726703803968
-0.4093512618841191
-0.4282542486049542
-0.5660478866948323
-1.121629906439843
-0.8809331298061016
-0.5056615648704517
-0.7758252711798581
-0.5497143247991252
-1.1112792495721069
-0.9963596583684351
-0.3951276556738327
-0.7297053813481199
-0.7098867052176459
-0.49820598763281726
-0.5392577438281989
-0.7020761258554808
-0.5754460181739787
-0.9459660453733778
-0.5198009547801757
-0.48726619884709993
-0.813479973930947
-0.7633636085637592
-0.8870574524784826
-0.7182194698475283
-0.6574052527274127
-0.5640845035233362
-0.4468080092230551
-0.6569854454873367
-0.40259415958890316
-0.7972446787849716
-1.0742713304092226
-0.6385817941724833
-0.7437731816320896
-0.9628300713823835
-1.2408278225792408
-0.5004160061752839
-0.6682981371627422
-1.0063052190746657
-0.71647961704425
-0.9214024800479423
-0.7122167399211853
-1.0885151049674708
-0.33162985188384503
-0.5726898917277147
-0.38793420705298476
-0.5316971319446525
-0.9180434353705117
-0.3907627926033288
-0.47504321299120406
-0.5384098026104243
-0.48614547897083166
-0.5663446298922236
-0.8865598757835279
-0.9113862163941735
-0.6186676133372296
-0.3616047300111627
-0.5932346783148597
-0.7410671706211635
-1.1039526221906706
-0.7972240981638714
-0.4330735080065908
-0.3092741006915045
-0.5751608432703172
-1.5326268728911856
-0.44285386380960867
-1.155524088311778
-0.708819320446647
-0.20000000000000004
-0.5030321764014946
-0.6318717132881635
-0.6075079458979947
-0.09259302644026018
-0.5578408853034726
-0.4732375706902903
-1.1558233099100916
-0.6812212557114957
-0.3816534870029619
-0.8444168040656029
-0.42639935513147886
-0.5873915471840908
-1.2276869196606575
-0.9134011665372055
-0.6815731244382945
-0.7426889884700625
-1.03091014454544
-0.734841561087609
-0.792107580574582
-0.8368783708769001
-0.7985641082229782
-0.5261571953365607
-0.7759734728233341
-0.7641530343692821
-0.6113976476835215
-0.32758335059087695
-0.5124549226946016
-0.48660415357287756
-0.39701343580184667
-0.649442225996324
-0.7475473313147822
-0.5169195158285957
-0.8407725664005615
-0.6324291173686802
-0.5886924915876908
-0.6639893476604073
-0.6602000690195233
-0.8918170385750461
-0.7116849987447816
-0.5796302471985637
-0.8189669109198566
-0.561265911718025
-0.9615359842401875
-0.2840545796897572
-0.3158050749422056
-0.979617708112393
-0.9486968747774592
-0.429798985533279
-0.8082107330703853
-0.6898446240764922
-0.9432595862926403
-0.9073660819514184
-0.8933201968498744
-0.7366250004266054
-1.0105646786375113
-0.9225681829034892
-0.8112868904930334
-0.24950962335137114
-0.49728342586553975
-2.058416981820273
-0.8436589997589161
-0.6595935548067003
-0.7916947901366191
-0.7922077125828372
-0.524178034618372
-0.8754901924730255
-0.47264535984297956
-0.6617378604382121
-1.195909012960217
-0.420384944595361
-1.0155422551714042
-0.6807875320890212
-0.4469407706647559
-0.3412731764220857
-0.6991905243570854
-0.5960952953491795
-0.9668176302448659
-0.879464590101938
-0.9985236214126585
-0.5941513092608254
-0.4462730292964929
-0.7409541703981222
-1.129148723805619
-0.39606128081554587
-0.7029569575764311
-0.752508986222142
-0.9094217893288402
-0.2979643961247782
-0.4863165181806836
-0.42359015458931715
-0.6155934546881947
-0.505295018905214
-0.9691007735967041
-0.998388041809484
-0.697490567939502
-0.8140131007386423
-0.7971441748561277
-0.941296462500934
-0.5517683714421352
-0.4993190394679933
-0.5769201939462341
-0.8397502664557606
-0.8295237583012449
-0.9173201444331158
-0.9608827213297774
-0.6890712753804749
-1.0369914057718428
-0.6880967634449513
-0.6052868405090641
-1.172194682318921
-0.5896737509389907
-0.9486097595540844
-0.3519983188645214
-0.4039072401830633
-0.4880516688280842
-0.4576849285790926
-0.6471578467528791
-1.0811352998541879
