-0.799887201098777
-0.4960243750355181
-0.8907477623282178
-1.0856686785532148
-0.9343603983198792
-0.8323139997172202
-1.6821280514564645
-1.6283896643793638
-1.7607503475128823
-1.2254482859674054
-1.4109645211394035
-1.6607597252404165
-1.4908948020890358
-0.9349615032292103
-1.0525436612949632
-1.723178798504129
-1.116290781766075
-1.2739071105489455
-1.8731953080521273
-1.648687848841776
-0.8879815756368377
-1.0965993732445107
-1.097366000240781
-0.9574093295312057
-1.6669219190933682
-1.6825799902823377
-1.7238159009986673
-1.5205130319789153
-1.4993715728090773
-1.0671440764980618
-1.2027128095105706
-0.6555240522917664
-1.1869612163249958
-1.6432113649885114
-1.7245575041395853
-1.6632105290438666
-1.5044627739880476
-0.8563012686338797
-1.796619896747849
-0.3750000000000003
-0.8879815713004482
-1.319359210101433
-0.6694711679897092
-1.391089285423147
-0.8010960327346719
-0.8879840486431365
-0.7476514714421812
-1.3472286655745496
-1.445560528170918
-0.8505099556353557
-1.4047915270531006
-1.1277621130911921
-1.0409830542237406
-1.3291458236180034
-1.8885296981811757
-1.3295154369579665
-1.7425966042854564
-1.7109339967671655
-1.266052733290356
-1.8040560509859247
-0.647022797122405
-0.36833903297468445
-0.8718540301805963
-1.5488360872140472
-1.323926840564797
-1.6266985285124602
-1.6146127958099807
-1.9134778651879067
-1.3260880694526818
-1.3188694283238012
-1.0866997307793818
-1.1468995753136677
-1.4109645407627909
-1.0196622213047162
-1.6207413282365994
-0.7833831314140622
-1.2750363735078893
-0.9927455458135249
-0.9749857055522559
-1.5560772461633563
-0.7210662504807549
-1.1661564628321037
-1.5825113015071577
-1.620166209458393
-1.4109644837745896
-1.47869690494105
-1.8653700692281372
-0.8879815500312129
-1.546609340441933
-1.4780724969253396
-1.241823666674558
-1.246025154711592
-1.1431531411860885
-1.3061982032561907
-1.074230996610194
-1.441941534778118
-1.019688176621121
-1.504028346708663
-0.9965912457360201
-0.43562498656528864
-1.3862022320388485
-1.0675644002681595
-1.595852060827451
-1.0345443593374877
-1.5804567426747
-1.108265516294314
-0.8907067263432105
-0.9462978897717599
-1.9590726930705187
-1.6465826487083906
-1.4162267386890943
-1.3094941326198737
-1.771786606357757
-1.9239418713356644
-1.6415944473384891
-0.9549471733024559
-0.7244706955469042
-1.1146703197018968
-1.773997559075905
-1.2133494132146456
-1.0434068972232735
-1.3276142677872924
-1.607033424857451
-1.0310679506156704
-0.4733249737321827
-1.1079477491085834
-1.9158118918616487
-1.4617136861635018
-0.8564153658517045
-1.58647364738061
-1.0245249092543904
-1.072183696422685
-0.9485259560516724
-1.4261387320257541
-1.597013446428495
-0.9607451068685096
-1.0763742198512305
-0.47855450459203086
-1.5890882694911097
-0.36962070571110883
-1.0499262306050017
-0.3683390272387647
-0.6114006086881235
-1.5546017452273717
-1.4353016217110555
-1.5325442525828432
-1.756360128386071
-1.7713760074704552
-0.886257637291709
-1.0957243819984943
-0.9992714996269887
-1.2151335463136346
-1.3192193045512854
-1.4183424969318115
-1.6419578719743606
-1.250006928204015
-1.24691972894149
-0.711002816784748
-1.3028648018328817
-1.0096907097029348
-1.4177450194841168
-1.2401051317449716
-0.8307160722577323
-0.375
-1.7433739105393493
-1.7880404554102223
-1.1398672915159807
-1.0291842844094086
-0.9975939950476844
-1.540144513446377
-1.5399755988039834
-1.065975229170019
-1.605904127398896
-0.8180952058843278
-1.087645155622892
-0.7534653467692263
-1.1515808503796683
-1.410964542915483
-1.950409200094689
-1.5144286921678174
-1.782285524057677
-1.865738347063532
-1.6008269340539691
-0.9075150044657354
-1.4066700354522954
-1.1484667311089338
-1.2633671600890035
-1.132776563758399
-1.0780249190300268
-1.2650226274426566
-0.8870867973434561
-1.3208739972501307
-1.3236208528490823
-1.8650848208855628
-1.2213503297956312
-1.7737074591890054
-1.0696667428341362
-1.4872322999233925
-1.1129704275898573
-1.0103838875978328
-1.3791866413036376
-1.667706926260846
-1.6262894115717903
-1.7220668086523319
-0.9115694755090851
-0.37500000000000017
-0.8716596740440932
-0.9771093550627238
-1.8511674778162155
-1.3252813266359722
-1.7691537332440344
-1.5443655328197068
-1.7160429858891721
-1.1845799885765869
-1.093757451117468
-1.7285883825571162
-1.2919584935397457
-1.226513139497916
-1.290062068032928
-1.0607597123960648
-1.4414582189020813
-1.222322508445993
-1.1190789452171523
-1.5595530536314899
-1.0708285716886885
-1.6688177705380485
-1.0022323172302794
-1.8694650200575698
-0.7397946243386329
-1.5598563034666173
-1.419470371704752
-0.8275451908974725
-1.4243156366351681
-0.7272397228209285
-0.3683390418467657
-0.8101355217920494
-1.322698730268232
-1.0012542922959395
-1.3434764247623578
-1.282837842668345
-1.3706877539937623
-0.8721128818169379
-1.4286185163307303
-0.6630681686374305
-1.4057814680157605
-1.0752809078835375
-1.1941104875320954
-1.4424501111782677
-1.040036130252139
-0.375
-1.3448766587068481
-1.3268719608871322
-1.3144992877805333
-0.9639178033114834
-1.2315234522058203
-1.0485962911002478
-0.37500000000000006
-1.6802026809723414
-1.4552606527154819
-0.7240019192997001
-1.5074687224290184
-1.6073926603909312
-1.4503108869753456
-1.6648364067322647
-1.5801116354693419
-0.8253909040440555
-0.9648413675470222
-0.8994770386175812
-1.576945942338979
-0.5080725091449413
-1.7720375271811204
-1.1943051023546414
-1.5541588172728429
-1.6311484098048872
-1.2605085360260344
-1.2533198791409579
-0.3750000000000001
-0.8970350086960902
-1.572936155264321
-1.729300950881465
-0.46777953277704876
-1.227425201392489
-1.3355588010385557
-1.1596758082231655
-1.2427590342190395
-1.9079380568086868
-0.375
-1.1002381545983382
-1.2557342061620336
-1.302356116651654
-1.2276921341742966
-0.8145281021357693
-1.4291258950020669
-1.240749354020251
-1.3193137479947534
-1.2716899812882196
-0.9053484107905554
-0.47234845723585983
-0.375
-1.549715565679326
-1.3185780909298177
-1.2302742366026798
-1.238665981338672
-0.93098324832474
-0.9765292691848673
-1.5971821435037175
-1.4075172001478577
-0.7722828665679429
-1.4476441914871496
-1.3292555304264992
-1.5878014496340753
-0.6226106385566572
-1.2238059472388614
-1.4938676185720137
-1.328161404937606
-1.454999895684592
-1.2255292623623786
-1.10692085444225
-0.7646257130683679
-1.3490933283666036
-0.9512235567422425
-1.105033061423969
-0.3750000000000001
-0.877578028011142
-0.47387039244999285
-1.5565104114479658
-1.3413255506339616
-1.0127119359440293
-1.1243723617207353
-1.268550768959138
-1.3300478276310972
-1.7242807430596843
-0.8779554161856723
-1.1608888653085156
-0.7862132388806913
-1.2151777670040236
-1.4123261425929003
-1.5855822788019647
-1.3069125140936326
-1.5542992883710718
-1.5870229281243857
-1.138173002958021
-0.9613739098593383
-1.1548073348001704
-1.672585580487773
-0.9384567195771519
-0.9007691101691424
-1.3828076617379776
-1.6987502810448034
-1.4097816506600231
-1.6059391282157895
-1.5274618367990058
-1.6525033799117954
-0.3749999999999999
-1.1589104791107983
-1.1060670363282177
-1.7032962081076002
-1.5154581631370012
-1.5080575246377967
-1.4106078167241942
-0.8115559346155645
-1.7646549026284484
-0.7467089430717443
-1.918221413610281
-1.561239988549874
-0.9671542760463558
-1.5048141682375875
-1.4268658771703495
-1.6640622555986198
-1.7136938317195083
-1.323134073605793
-1.7557689676653272
-1.5890050429380462
-1.7608250045923621
-1.6272784731424106
-0.6869911502980272
-0.47831915894067434
-1.3910383706335143
-1.3071262696117398
-0.8115875283220712
-0.8317953863698557
-1.0460969479074889
-1.0622791981241573
-1.7229558243524514
-1.5578586335692775
-0.8827651068219583
-1.6954421393499992
-1.6840136383425302
-1.6772784499872313
-0.8839224225383451
-1.3967631478131046
-1.0099656959547274
-1.1698728752396412
-1.503222589278009
-1.453483070122347
-0.9606666655468192
-1.4692140345757323
-1.1811886116501868
-1.0993879504206916
-1.133710672912215
-0.8963245025965826
-0.8514317644691001
-1.2632835401549276
-1.3460724760503515
-1.3916455083594448
-0.9720849048244715
-1.6781628530396602
-0.37499999999999994
-1.396922322017051
-1.4339838745436957
-1.5429777841448686
-1.4722135227419286
-1.3198886115611663
-1.425944100659227
-0.5224012826134147
-1.2773107257266278
-0.8943237092652957
-1.9140904307399706
-0.6799003195505119
-0.8731692154117194
-0.9425825221283967
-1.8603516973917757
-1.3244597907335558
-1.423348682309252
-1.310192624423853
-1.3398181503555553
-0.8879815607108406
-1.725339508509893
-0.8010963893074204
-1.8067413564729429
-1.0261800940563635
-0.3684196613339451
-0.8613196284809346
-1.740474960644479
-1.4465273804015635
-0.7705522714984334
-0.8360932694641394
-1.297785928598688
-1.3365251862351746
-0.9247203177668266
-0.7806181428612446
-1.0686158072233582
-1.1638654742830254
-0.5818100509530795
-0.4737134059468613
-0.9828088484625157
-1.411636254861741
-1.0145081393932605
-1.1897940027284575
-1.7286249699144582
-1.664697627152459
-1.3358870642515164
-1.4614514424782497
-1.0409830455090572
-1.7046522028829012
-1.9414774861231263
-1.7050314719132313
-0.6431184748197326
-0.3750000000000001
-1.119852744311331
-1.0409831114029982
-1.3526090312347443
-0.9943665598738507
-1.127988957295769
-1.4518863274089728
-0.845617161191028
-1.659789354031375
-1.3196168101818695
-1.15559157224222
-0.5251313384917706
-1.5579601135618875
-0.6747102097888367
-1.8213255930581578
-1.1122623908594083
-0.6945339800328166
-0.7391938840010397
-1.882372539866052
-1.6768991967673648
-1.1166798038029895
-1.2762347705248913
-1.6091462536073018
-0.8674640990025236
-1.06317449037449
-1.2175203948655398
-1.2481295050724512
-1.0458734204837046
-0.8879815553555818
-1.068398364793344
-1.4034656091712279
-1.2972677764295586
-1.1253751743516345
-1.561437306565911
-1.679895459425945
-1.1648369163485612
-0.7872646302998756
-0.375
-1.2496002472675336
-1.534514112404384
-0.8596255911573756
-1.0121440822726888
-0.8986158765098708
-0.9084337860397684
-1.070905025750159
-1.025714548608751
-1.1053240243687439
-0.9720173319982497
-1.0681152576390402
-1.2572261222292813
-0.9950515214673521
-1.804716899291436
-1.1055128438933677
-1.1273039735219876
-1.068750366191732
-0.9016907901563918
-0.8879815612311146
-1.0067584610125238
-0.9021282420408574
-1.2279223628991265
-1.6395673540496671
-1.3652312360813066
-0.52439530594965
-1.5860285892742456
-1.6863939904078071
-1.6726750344561996
-1.4104308173179965
-1.267335089403766
-0.8904958303758912
-1.5893568092850672
-1.0729849068120236
-0.919358396792882
-1.556723180074676
-1.1204823017823982
-0.8879816025708558
-1.401442952660536
-1.2604934520939939
-1.3501751182289106
-1.4594750532984917
-0.36833920709617596
-1.4109644702074489
-1.6762281232463594
-0.8959659453831127
-1.7187341027762582
-0.8930580906308225
-1.0506365082965723
-1.5453466811705776
-1.8043780019712452
-1.230453456681114
-1.327651852436084
-1.5842245672903044
-1.4149409356135552
-1.6684553279220846
-1.786467007379215
-1.511027929438437
-1.5682916035730061
-1.5871982905119448
-1.1179873712518127
-1.107532901295149
-1.9352035787101924
-0.9861393293319957
-1.6017223194672843
-1.6307394296846236
-1.3265274187055265
-0.8630671168329533
-1.4920779291086066
-1.7899257418333643
-0.8963972640504971
-1.0833589740564729
-1.693472175171577
-1.0851446136263792
-1.4164497815225854
-1.030197730110562
-0.9478357043989838
-1.7508252333767789
-1.318931318803519
-1.6268152953989
-1.2408717933109845
-0.7240515990833759
-1.5067237207646955
-0.8879815957620698
-1.5267318104737688
-1.2724441712203765
-1.582837592155545
-1.55437221935515
-1.046450149494835
-1.5787550648149637
-1.7621749121530321
-0.8879815301901255
-1.2363479626181673
-1.4366502250624569
-0.375
-0.9109266385788671
-1.1592804499780207
-1.5535368975718717
-0.8897697729230402
-0.76966601817593
-1.25906383881316
-0.7856643346204748
-1.3761221530724885
-0.856449220286681
-0.860769785491654
-1.5876918725274585
-1.6505137799301028
-1.0237204238552473
-1.3195546887943639
-0.8990416489403266
-1.143408736779687
-0.8525093911360584
-0.5923763856889077
-1.3823135296742375
-1.588133069968352
-1.8241370751810468
-1.2153432833647213
-1.185523410954141
-1.0035632738553755
-1.3277959796413805
-0.47332503708807266
-1.368769983532458
-1.3268806304585552
-1.605536023176495
-0.9485779050461383
-0.7613071185931172
-1.9039329134029355
-1.5769794705256328
-0.620333788083014
-1.202010366946922
-1.7150859595144847
-1.5907465382578594
-1.1233219443448956
-0.3683393952773391
-1.4388840229282542
-0.7391975684466353
-1.2502753175365218
-0.8254999899733881
-0.9296577376252297
-0.9118498781965936
-1.374524675329854
-1.3073984750785752
-1.2360074239914847
-0.4811680136112192
-1.3493367050363405
-1.3279136806738423
-1.8437659608690806
-1.0726503133426981
-1.2937497463449112
-0.5958093511353465
-1.3963799165046011
-1.3019736527669032
-1.6035687790756192
-0.6151219796258518
-1.0178211160510469
-0.8310962686678074
-1.5359069495346138
-1.0944095408554824
-1.1806556787242604
-1.0722233167462487
-1.1702188193751768
-1.2560049591512386
-1.7096591421947196
-1.636577870917355
-1.4170394238583086
-1.5745298971055428
-1.5320563816400536
-0.9325515746949031
-0.7585513283191595
-1.1855804852594791
-1.1373896428508101
-1.6323651166293114
-1.2698267499053806
-1.3455272195824237
-0.375
-0.3750000000000001
-1.4109646943056198
-1.631563763732628
-0.8289472896088477
-1.7664984925251708
-1.280616867525026
-1.0336940520791118
-1.4685458149678852
-0.36833903047852945
-1.4352097832019728
-0.8879815587779831
-1.0216662506597425
-1.5370466624556098
-1.655982167077183
-1.4807375694703049
-1.6522467094461244
-0.8183368846219987
-1.5458760955871085
-1.6495762591872012
-1.954383452054059
-1.3638235769718596
-0.6321483755741978
-1.2633002834602207
-0.9928075543591479
-0.8959998361996132
-0.972645333099279
-0.8944039606442991
-1.2379950747434352
-1.2801183481794136
-1.0863203556764547
-1.3274679796185458
-0.911498365143275
-1.078434690648586
-1.210798395867713
-1.1350031464061285
-1.2644061095214179
-1.543045879680883
-0.375
-1.89774532197549
-1.6833830298229437
-1.5397236476081904
-1.67181648898731
-0.9109283803725617
-0.8510325579564364
-1.061023090502883
-0.6739400988263543
-1.3354613963527597
-0.9584209996819878
-1.4162582719683812
-0.8576390735263386
-1.0687093002291335
-1.541188397612687
-1.232828805827763
-1.921642970099617
-0.7373866561436023
-1.1673181781319906
-0.4619129322060789
-0.9305264276517526
-1.7005683988884355
-1.2671656232478996
-1.7743395357913951
-1.0905203473412723
-0.6801250261000871
-0.8564511903591439
-1.8500948466686595
-0.7726641227867025
-0.7836621966467876
-1.9658755615760402
-1.1987029007868937
-1.3841688199725717
-1.514024032499262
-1.6159255650606363
-1.4349029035784766
-1.3280097841980159
-1.4153315377795121
-0.375
-1.9434561005898476
-1.6884152824088712
-1.7468428462667103
-0.8663583096519087
-1.160484250231811
-1.1231956537164263
-1.1027779874143362
-1.2424182612790147
-1.4450320084918258
-1.2239549292906204
-0.8607918620466268
-1.8239607198248078
-1.3913945601795001
-1.1211500458559935
-0.9632419360773188
-1.1748290207862937
-1.7055854486056707
-1.1892354770473745
-1.251164015547064
-1.053285288717226
-0.9599397241254014
-1.3963059083883271
-1.6005413342227315
-1.8028336973320929
-0.8879815385911116
-0.7222590804914096
-1.1113740847900813
-1.8303259500474054
-1.3996377835966038
-1.3225582413017833
-0.7799686661823864
-0.52366313073296
-0.9429864726969414
-0.8879815584341775
-1.5697353919112838
-1.470690243748666
-1.5731151095618467
-0.8879815541282323
-1.5882545095052547
-1.1986039970955027
-1.5177543011573278
-1.5803724249009705
-1.8077235088107557
-0.8879815620086243
-1.5175913581691196
-1.8646665513050384
-1.6296113121666398
-0.473324960456054
-0.4749795872682304
-1.4145910775905466
-0.8918801721772956
-1.6506375928906447
-1.1581301594220825
-1.3212294901480328
-1.5214063992090647
-1.5721698718318555
-1.65952285520149
-1.1614120736296918
-1.6046450562468726
-0.6594502430769992
-0.589807486684279
-0.5734852622792582
-0.9074181510319841
-1.2348877405261356
-1.3200262158439033
-1.2596973515047931
-1.922666762721861
-0.9737562912867513
-1.5599136384846695
-0.46276445407327954
-1.6935391660533299
-1.6434338517745932
-1.5153067859932206
-0.8879865944290669
-0.871481470760983
-1.8170062370884843
-1.307216609451485
-1.6426909718758167
-0.8755101795174544
-1.1756142378199301
-1.3543461643959973
-0.8968482363466351
-0.6776410777619688
-0.6407685563243336
-0.5505345044577099
-1.2241124317683734
-1.3357282819507774
-0.8879814116698662
-1.847982005435601
-0.8955162617929759
-1.1147979071799519
-0.7216212767190411
-0.896066247979493
-1.2012975440846152
-1.0654502347151742
-1.3138792766957
-1.6281993378605388
-1.1686824834410112
-1.3812933521423678
-0.8761889209821441
-0.9402894185751212
-1.5174258822619038
-1.437474846813677
-0.6391127981291556
-1.0564716568243966
-1.5526209964358513
-1.8971991965091368
-1.5295835922836942
-1.0135742052482581
-0.9273612470896936
-1.429513726777973
-1.5695505314697136
-1.6432011343259578
-1.5081590510458593
-1.112031211562791
-0.8853210956504349
-1.4452250636984425
-0.8879815908796209
-1.643211307255641
-1.6439270658971805
-1.670575176069432
-0.44584799855498575
-0.8899960046000732
-0.7497141860170516
-0.16820946629386804
-1.418366659196932
-1.7050708234632452
-0.8687274960408595
-1.5492029096536721
-1.2573501344955351
-0.9989581659956204
-0.8221820398544377
-1.1550460582394044
-0.6245509636915126
-0.4733250243449036
-1.5182597570028686
-0.8834440195941631
-1.0235733513884222
-0.7472454956889074
-1.4870328649187579
-1.4203900071692295
-1.2735243264802758
-1.4057441024100967
-1.2631485757063827
-1.075054306692129
-0.7012226310890479
-0.739194312667325
-1.672114303576274
-0.3749999999999999
-1.7756412894385833
-1.047559858425971
-1.2809965457111887
-1.4109645297480278
-1.5763176338747669
-1.5692011568963133
-1.6087521167069931
-1.2515758145555838
-1.5883517531974785
-1.622148495615225
-1.0474443293407782
-1.8505922970689181
-0.9301125682245279
-1.206769258897253
-1.3398050263725538
-1.1825806737579283
-1.3312294324658969
-1.0879712505200188
-0.2940413514004683
-1.713755196722453
-1.3687957050348045
-1.6286826456238286
-0.5342117458730495
-0.8879815595452852
-1.5121047238084646
-1.0409830311716926
-0.5385681662096684
-1.821431963564286
-1.2609934810789618
-1.5135671253592275
-1.3975528994640138
-1.6114108799029714
-1.2700666147758128
-1.2591932263599908
-0.37500000000000017
-1.753853950091489
-1.4861813352347721
-1.4695875668456668
-1.0245006263038567
-1.0498017307215268
-1.8031864636280035
-1.4340011739522662
-1.1195110709437903
-1.3856569859827714
-1.5874318908812257
-1.568533883333782
-1.313299406054068
-1.5632036741874413
-0.375
-1.3380153034888453
-0.7233661877334391
-1.5726140372985946
-0.9441101588203894
-0.6113423737263297
-1.0685930371081596
-1.3652954399921162
-1.2540680162846978
-1.4556574965133617
-0.8917264660165161
-0.9249632907500809
-0.3749999999999999
-1.068018278628845
-1.448321834287832
-1.4987847354115889
-0.9967722827542921
-1.7945922867987085
-1.0499554101811106
-1.5099839819686445
-1.4918130250363206
-1.240749823279366
-1.149192263819551
-0.9083219143994439
-1.0066782512077896
-0.9782517864761592
-0.7721560910151871
-0.9638707129207411
-1.5097402887564868
-1.7131652147186567
-1.2450663166155016
-1.0570526027198508
-0.9682336274918142
-1.1349271175279
-1.6603187198104885
-1.7322683291430205
-0.5460626293999322
-1.4573635393380422
-1.131853797200286
-1.032449040927989
-1.2639890015311033
-1.4788689804664286
-1.2350662979879914
-1.4152970568035648
-1.552994050917853
-1.4474016042777922
-0.9750548065421584
-1.4907366879046946
-1.5148470086111976
-1.1968383131557636
-1.541366995160626
-1.4343177958886804
-1.1659636969878897
-1.41375668731149
-1.0868962761444572
-0.8644791706788816
-1.4451354272448271
