-0.8454730922787994
-1.1720391534552095
-1.3378041375464749
-1.000625080173565
-1.5588926481577812
-1.3570082706898041
-1.893666857805896
-1.1787684369649194
-1.2597886855252514
-1.3070211415202868
-0.988895505246076
-1.2314158390582757
-1.798236975710457
-1.8861815443583465
-0.6212840358451568
-0.9496851637713213
-1.4208744747366864
-1.3133167511013906
-1.0384823218061372
-1.4077089571362456
-0.7248853671119249
-1.6439755316277742
-0.6083632170611766
-0.8824011741427278
-0.9360245874132521
-1.4295335613587854
-1.8217431066974372
-1.4103200829325444
-0.7515882582407039
-1.457936679310043
-0.9968400439530996
-0.7025678428822952
-1.786012022717207
-1.2161872919314465
-1.5617674499758472
-1.3593938984649312
-1.0704243558865616
-1.30734445921992
-0.3749999999999999
-1.2189546911814801
-1.2601375838413627
-1.9443762481199773
-0.7025677281759036
-0.4986097031205511
-0.7654797764033969
-0.335327446116966
-1.6198882991834365
-1.907159539616374
-1.2798249451038768
-0.32817421871967556
-1.0004835038177446
-0.6119258897840205
-1.1256620321400814
-1.3548136487104352
-0.774931500800637
-1.5143915677656195
-1.4339391334392562
-1.39469775991652
-0.5988584498844814
-0.3750000000000001
-1.7088113497511415
-0.8075638594091075
-1.5084514846876265
-1.2773712075013886
-0.35728127420635464
-1.1842400699278701
-0.5306961449601174
-1.416128653317025
-1.1467663656060905
-1.1193561152545575
-1.1384886228276243
-1.1985295818624697
-0.9156111249357355
-1.7191207522654657
-1.6916834582243025
-0.316209695165395
-0.7115941539302517
-1.1675459516429052
-0.3495378165871184
-1.472794133394168
-0.8497869314364381
-1.335608693777152
-0.8284124729635621
-0.9889790317981156
-1.4666809739974167
-0.41095068558471526
-0.7719092833965918
-0.6489788521745683
-0.8439118329240246
-0.8646543650506092
-1.458902285638265
-1.2941541536101515
-1.0732454387814647
-1.7030239350471654
-1.892289472449574
-0.8454731545220291
-1.1120261899477575
-1.865318670471854
-1.9215824706020503
-0.367601830370176
-0.611833133595467
-1.3979142034241197
-0.375
-0.49747225060038985
-1.3680144231535785
-1.3541093332476541
-1.717901165638314
-0.6920472884747172
-0.3749999999999999
-1.8855702011499684
-0.9071062097329442
-0.9835456593931245
-1.3426377405618442
-1.2194372467987817
-0.718082166643474
-0.3053191984969304
-0.31284725911058997
-1.5081072637013304
-0.3750000000000001
-1.6062061332487474
-1.410072791222622
-1.0335233115104479
-0.45407394256744127
-1.3536500383348984
-1.3590855201743632
-0.7243678566362437
-1.522655642912712
-0.8654394621308904
-1.028925059195898
-1.5404951755194551
-1.369732829550388
-1.7674810228115136
-1.3354547046990466
-0.5972364491372232
-0.28010327282722414
-1.386218347809489
-1.3783750337898506
-1.375828025675176
-0.8971631030561378
-0.8549563086236492
-1.409211014826159
-1.5846155467753342
-0.7287361232207593
-0.9571401408747598
-1.5064084406116038
-0.7282793127701456
-0.6260213014995447
-0.8784316113110613
-0.7898031015200238
-0.758725554676074
-1.0226908208915217
-0.917476612038379
-0.86839757375308
-1.002588307751556
-1.0141271534188154
-0.6477882951874734
-0.9460153986401585
-1.459011645566065
-1.4479395329979194
-1.3226657759497107
-1.185570375319306
-0.8768102863420639
-0.8652726557848632
-0.6019371354531367
-0.30933609752009056
-1.9195120585855212
-1.669768257033684
-1.4451458890584021
-1.0237962324860568
-1.5675162154676467
-1.5901374142164806
-0.6683360260818101
-1.1238452797481069
-1.6065390642138437
-0.717138374534938
-0.9237004967101429
-1.0438495139060018
-0.9620824937883419
-0.8326488600380415
-1.3781889552707745
-0.7360877372716439
-0.4871873907934623
-1.567287258517797
-1.486464994534265
-0.3746157085589164
-1.183018295564566
-1.2165138112315312
-0.9430781425430468
-1.1937130450265916
-1.5865232072393298
-0.9057335963532585
-0.29887175734932253
-1.2792430326885422
-1.0154930323330882
-1.8302688235752458
-0.8812766836703778
-0.37500000000000006
-0.8221970949281521
-1.341662464051171
-1.4951356003932068
-0.6637604032465098
-1.3692918093919264
-0.7076593415743571
-0.8560267848320358
-0.6374687588602473
-1.5381819684872073
-1.4943134156527451
-1.4071425188323572
-1.5258298616694748
-0.6333825680549784
-0.842037351588283
-1.8841494047329839
-0.905993159447549
-1.7922778737847491
-1.3523800686333316
-1.7667393987342004
-1.1418173575906403
-1.4431095958662068
-1.062653160895882
-0.37499999999999994
-1.091370992741955
-1.0239671585199994
-1.8136334017093971
-1.6298571929607573
-1.74275670443616
-1.5025311786789997
-0.7516126967014143
-0.23269870612987814
-1.2871082463959227
-1.128576018064308
-1.1601570357846605
-1.7922492151508536
-1.7695224839449977
-1.2711200105100482
-0.857745369869081
-1.8937784269383193
-1.0678534433537534
-0.6465710780152534
-1.1923932923137195
-1.007172485453926
-1.360189301333713
-0.36246642601016277
-1.3110045506718586
-1.1911974721068446
-1.3226043142714863
-0.8502803798801464
-1.2472299922291386
-1.1352518294988658
-1.8112293283833225
-1.7715259451752048
-1.0686896627529059
-0.8302494209474379
-1.1339425431397487
-0.8570007221243785
-0.22535206229426827
-1.3406847730599232
-0.07032650586149214
-0.6573604604874748
-0.4168135014690137
-1.362174735497675
-0.3093358291236209
-1.8273004150534709
-0.7726426332146139
-1.6361368374726581
-0.8143916193042493
-1.5246206611381463
-1.0695427524962522
-1.3256479805042662
-0.37499999999999833
-0.9398557849464992
-1.1894738042211022
-1.4783382890474979
-0.9374397997788579
-0.375
-1.8890772713526205
-0.26628863250304147
-1.3520192994329832
-0.7389631494414781
-0.8494996256796284
-1.7503545342866256
-0.007953202985760697
-0.398629457197085
-0.5059267404613382
-0.5861931386292432
-1.1418645810035788
-0.46689024387635936
-1.478677531536103
-0.5579499533151027
-0.8454719718089406
-0.375
-1.381694330200179
-1.720126009224312
-0.375
-1.1452299047877301
-1.3028995279224467
-0.9646290819077705
-1.3466114610285027
-1.5159480498111584
-1.5787868465672181
-1.3700250251184711
-0.63701092757185
-1.0978085761983032
-1.8852912962136277
-1.0946210700902659
-1.4619818645553753
-1.742544745717719
-1.3676126009327665
-1.6451237816708701
-1.430022770433008
-0.877404641157613
-1.6431643100180424
-1.031132524968236
-0.8454731306791992
-1.1639383372512078
-0.8528832904073376
-1.1199898852501604
-0.8274995188680112
-0.3926632001187117
-1.0556560337114167
-1.1759955728168732
-0.3750000000000002
-0.9687247829159471
-0.3695774794233472
-1.4391904750071327
-0.7253293982532754
-0.2628793461386249
-1.2958889860257141
-1.1074712636296975
-0.42758518339091944
-0.5613995397848331
-1.1946545320918873
-0.9773825167428404
-1.4874918255182337
-1.449256931973666
-1.8715457647448563
-1.391774418718476
-1.1850246019864608
-1.0181286296088188
-0.24960374976845506
-0.5626953738342735
-1.324298529852306
-0.38011576555478593
-0.6538959272471607
-0.5749417349391164
-1.2926618119286892
-1.0031237752685818
-1.324545063939663
-1.5122205842757963
-1.2505502536805573
-0.8454731470937731
-1.3146485228302558
-1.891775247986165
-0.7553324808694473
-0.3370459135927859
-1.7079508124341136
-1.0965329841286586
-1.824223687891962
-0.476479190185393
-0.7857540370915765
-1.1194914041697634
-0.9837467308756653
-1.384251753303832
-0.7205158346403481
-1.1492288102275936
-1.4386554344793128
-1.3782136551507436
-1.1056176970891296
-1.6647370573211135
-1.4850876831978064
-1.1017351155256452
-1.700499010312524
-0.6380628748822105
-0.20510673948203864
-1.751140824491514
-1.5465160619619887
-0.48234810333193956
-0.7653091428580876
-0.6618324519055775
-0.9728856840616817
-0.942000457781453
-0.9367908042633698
-1.4240618296815168
-1.1868006509745999
-0.5834672130424582
-1.0782789004502766
-1.8969729629389254
-1.4520568731789734
-1.5598816661114934
-0.32117923401458986
-0.8580194601494449
-0.6444164940920358
-0.8808840296794149
-0.8178016533916653
-1.4879902314744384
-1.1294121113196967
-1.1409875785824832
-0.9887132405529291
-0.9401354532897094
-1.877462416722174
-0.9170111593341067
-0.8151350266112888
-1.0061886400622153
-1.499507920828422
-1.793276870680658
-1.4388225988551613
-1.2223278009168017
-0.9148404602116195
-1.5494893060792845
-1.0475873425689417
-0.375
-1.6235906464274936
-0.8455935191370181
-1.1373638479034314
-1.1412188513402717
-0.5447091158190559
-1.5792922566421457
-1.7667423269310516
-0.9809944027946432
-1.4087674393384146
-1.1204811909421508
-1.6267991762122853
-1.1663701951179222
-1.010332361045249
-0.7838636264369685
-0.7713702734625962
-1.3607011881417563
-0.7963762430450257
-0.9765030295267674
-0.9501910667344203
-1.6450848760758046
-0.6551458875055755
-1.7176420355653612
-1.911671010515489
-1.0431275512796134
-0.24918240497148947
-1.5597223945023904
-1.2916095501729161
-0.27050807169082935
-1.7759523506866313
-1.0816054730188265
-1.75726951269147
-1.0006200999980592
-1.1133746933631514
-0.6065904643243946
-1.274223344796296
-0.9015912259450265
-1.4721923146788947
-1.4484985354514814
-1.1311725970735624
-0.37499999999999994
-0.4445519705712411
-0.8505554875318171
-0.8454736644309966
-0.812308834172053
-0.8004278568709364
-0.7206037617919704
-0.7785852236196634
-0.6198834780817049
-1.1716489725182153
-0.5671366194206526
-0.9288349789925345
-1.5575882490135862
-0.3749999999999996
-1.1489006004365245
-0.9912551759324679
-1.1002493416872698
-0.862451492232512
-1.4332319357229208
-1.0216744984809714
-1.3998704923998915
-1.9114885899213856
-1.2885663857866843
-0.7800952205625953
-0.9346305261320559
-1.142281060879591
-0.3866469830610979
-1.5623183330535442
-0.7161154345019991
-1.6314357227595058
-1.2082264077315539
-0.7217376518397773
-1.1087969565546367
-1.0902899940327933
-1.2326675037774315
-0.9399678794721948
-0.9532699769237963
-1.1606785075893575
-1.3936218806703613
-1.1621794873742426
-0.8899764966851095
-1.347937951328554
-1.3433514859350042
-1.4216975839665547
-0.8548248604625494
-0.42127204041033445
-0.25250817662690733
-1.3505193211385182
-1.084517792041997
-1.4877529275376793
-0.2852118980912562
-0.7543393372336065
-1.4980824659449676
-1.5741071879284612
-0.2276707016671241
-1.5512890129755146
-0.9651033977163888
-1.3576383365166675
-0.30435631233993077
-0.593112690773672
-1.182293894073322
-1.119395789446647
-0.8177899283689538
-1.1610738252187032
-1.2703946853434482
-1.2291346403238206
-0.9259183307064724
-1.3431839927533495
-0.856199219091554
-1.2079815335699597
-1.1361401995866636
-0.9446181661167209
-1.117947519114663
-1.646032762399316
-1.3654591828942007
-0.9829308432761276
-0.998723564632999
-1.6736606926770388
-1.091690141224181
-0.9999794931759921
-1.7198204090317182
-0.7591099765194004
-0.3353554499733491
-1.3390440526443073
-1.4558005362494093
-0.37500000000000006
-1.2739228902702577
-1.5843341504589674
-1.1350878341447954
-1.220051310398931
-1.3676387278834947
-1.2064053511113597
-1.0783995565726772
-0.8488349398236578
-1.1342403940418506
-0.3805303876742676
-1.6834278117484085
-0.8019321011244342
-1.0932686976971517
-0.6900737038208968
-1.1093575275914875
-1.4876439311040595
-0.9548249907659259
-1.5689920365886025
-1.5930858508712158
-0.7689861689127254
-0.956165697899426
-0.8615981224111885
-0.7025677329429583
-1.48384681557825
-1.484025089977691
-0.714681484977574
-0.9131702663455016
-1.598572301754852
-0.8171212490112685
-0.4037357646487632
-0.7569242091516043
-0.7693515048340027
-0.7099450543761345
-0.6130253878367077
-1.8950508389820289
-0.8206713213924993
-0.9861122306673533
-0.20466707399826914
-1.6451387417839254
-1.4998588455411683
-0.9603448677204101
-1.4871641173097911
-1.3598221871697398
-1.3782388518105846
-0.5426540078820183
-1.1851982028403047
-1.2086779643183498
-1.4198900939429404
-0.647871458727422
-0.8989535942643866
-1.8242704753803511
-0.5572214702759349
-0.33950647507048165
-1.350519112116533
-1.4178844743596009
-0.2568840430986645
-0.4224133694124228
-0.8148912987323983
-0.6635094905368106
-1.419293697084833
-1.0879297971442812
-0.375
-1.8093962596745277
-1.0613418121404141
-1.3068916232606647
-0.5985020092423516
-1.618237794042998
-1.0647424785731405
-1.5328881382916397
-0.8743177749979626
-1.0940121491981833
-1.7112500059911018
-0.6182348924350438
-1.222015355096896
-0.8163315308935865
-1.4654948117655011
-0.43994649072672654
-0.588467069466176
-1.0432861337940644
-0.4442697812358659
-0.616251354921621
-0.8511239468170855
-0.810476014233145
-0.835901538884957
-1.215978212023658
-1.3910389904245217
-1.6555054330265635
-0.9638576554364279
-1.1291302414814646
-0.39465205027477523
-1.0912353859461206
-1.0948921842690618
-0.9421159847902314
-1.3558164575035991
-1.7097281216673414
-1.1698653977812643
-1.593475209071578
-0.5104549563930143
-1.9096852702542597
-0.6891887214146825
-1.3566870008561724
-0.7343041483462589
-0.4807374933439259
-1.0108554371009886
-0.45982723267455555
-1.5432369344032133
-0.4709754863134848
-1.3505195563313137
-0.902840546361692
-1.3128861142972748
-0.9024741008314052
-1.4889871578969438
-0.7158147806331728
-0.8452004629511494
-0.37499999999999795
-1.1700535058774426
-0.8657701160294347
-0.702567889475177
-1.358906211284633
-1.2335273710250836
-0.8400075155995348
-1.0676839983178747
-1.0492619180490164
-1.0210973899121538
-1.1020762459025666
-1.063413534423523
-1.291894715806467
-1.3276846046241777
-1.759321793338373
-0.34323680074162055
-1.0689953661935554
-0.8107833217548646
-0.3935814815791545
-1.0721847104428708
-1.0408093902301538
-1.6285396510307637
-1.5736230810933378
-0.5025887624976042
-0.7232724351466756
-1.5317146731508742
-1.693092050512233
-1.3807894738149553
-1.5525849671760126
-0.7842963298883258
-1.2007823169148457
-1.2085109188975705
-1.227573137818319
-1.0552144959340017
-1.3311574063637561
-1.6546519121843237
-1.2668766834337322
-1.3135092286822023
-0.3396074909117332
-1.132379984563014
-0.9814747977216902
-1.0046171669177304
-1.906261522313025
-0.6488590823824207
-0.8967688718256512
-1.5391788296326996
-1.1742498152817982
-0.09417842442044565
-0.9038782925058807
-1.3505204355835176
-0.8454731033465294
-0.8726760206625905
-0.52654611503426
-0.8002901874433994
-1.188689308653116
-1.0116773855995542
-0.6870853322032365
-1.1630248747979037
-1.421740219647947
-1.5392041166263035
-0.6777033564968492
-0.9541311916611783
-1.2661734123526869
-1.3825418263295088
-1.4903965369523227
-1.2460845203875834
-1.2513497620069673
-1.1058406395946874
-0.802398132916254
-1.0971421133829642
-1.6193262240083564
-0.4441368434462086
-1.883069142314221
-0.9322357171110778
-1.424325368266662
-1.3000756816478598
-1.4963212042578957
-0.37500000000000006
-1.543684629769765
-0.6246238703499659
-0.872095736796382
-1.2273763427988682
-0.8454731024583293
-1.213840935243824
-1.2540246430606241
-0.26745068490276125
-0.3551958082952819
-1.0014426037587831
-0.31235377875260906
-0.6050447787539714
-1.1318282304195069
-1.3108041826131527
-1.1109531716750305
-1.6885708777869708
-1.4510250019533117
-1.7327906099704824
-0.9836750511199386
-1.001884846842385
-1.0546857780678938
-0.8010226376050886
-1.7291083414932313
-0.6050230404945067
-0.6159273239057256
-1.2779878633715975
-1.0470670654468353
-1.501574630382742
-1.6470651663568279
-1.0709830828577802
-1.6791755205500847
-1.1202622063142171
-1.274108461539272
-1.2709673747006018
-0.8634830298045898
-1.4793164414930282
-1.3332853575643704
-0.679749427235929
-0.933877698123781
-0.7259193818139406
-1.737426805079793
-0.5580278093708256
-0.7353918619933175
-0.960479046205959
-1.3287004700029434
-0.7264379989835877
-0.7825302426640421
-0.4276199859489526
-0.888875853189041
-0.2480823769799096
-0.9304007784218309
-0.4614063419461265
-1.5820009753928246
-1.0774677007775924
-1.358865303595158
-1.8356255506083423
-0.3216667919169145
-0.8612672779695589
-0.5735268583861388
-0.7577358400117991
-1.2766267838081964
-0.5382814683094705
-1.6110193224875249
-1.7440182628739747
-1.4555059185260015
-0.5748186954783506
-0.5794929461194487
-1.0956858684698656
-1.101763279025419
-0.5037478441916801
-1.704771526182472
-0.711235189569483
-0.9939664596263718
-0.465726400119152
-1.1487418871622515
-1.4703884594674992
-1.4904041522414495
-0.8369289639114492
-0.3053126551242871
-1.2754127802314223
-0.7539674578374913
-1.0532676725074246
-1.5565412510203884
-1.3754899290170948
-0.9794196933228381
-0.6591749333038683
-1.384642569372771
-1.9480823085852608
-1.3995016040363135
-1.2664538771891254
-1.2516232904499511
-1.2305349680599313
-0.92210746006675
-1.8718829283353022
-1.7788458262145281
-0.23000774951645103
-0.1761590182892094
-1.1718580905273681
-1.3558698539804495
-0.7912143926396121
-0.26331585595486295
-0.6008426243512575
-0.8454731193412681
-1.3837059710352146
-0.8632582731127008
-0.9813455794792583
-1.2041594879368287
-0.8454731686043311
-0.37883955504680195
-1.898736817909937
-1.381145095422588
-0.7025677271715569
-1.6424616169355397
-0.8818884998602953
-0.29574217021670735
-1.51740855160017
-1.48090278422029
-1.3228982024015248
-0.6429850230555354
-1.4035560006976788
-0.678728585233968
-1.5948753644545421
-1.040782089849487
-1.8962149687192622
-1.4973626563568554
-1.227767220052065
-1.3314426691983072
-1.3554172890690073
-1.1513454268761834
-1.4504076942467712
-0.9064700572831417
-1.4726647526210042
-1.734608866528881
-1.2919857750540948
-1.8885984431682017
-1.4605501636937457
-0.4754170381839509
-1.4596076748648594
-1.4359014354264432
-0.6619982394624583
-0.9897728229549767
-1.5402474220732199
-1.300564740913917
-0.786770265965497
-0.9533800983296007
-1.4987454670275575
-0.6053549421433856
-1.7926456897419238
-1.3766421057888412
-1.1689139359352692
-1.2159837108851184
-1.2061400522836103
-1.4398284642434518
-0.8454730842428052
-1.1627938754498037
-1.1643678453650774
-0.8245432830963417
-1.269816706868848
-0.1976669673309808
-1.4569361985642169
-0.878380229538996
-1.4772280543490364
-1.8947433678458905
-0.8793877592763102
-0.7427294110603953
-0.375
-0.7227562575436961
-0.21078140072800441
-1.5618943112347339
-0.6745855316041494
-1.445785079572744
-1.0497535905839808
-1.2500188397023335
-0.8612348685459172
-1.337489186851753
-0.420507715225128
-1.5323695480119661
-1.587785340105414
-0.987633882747009
-0.9379002576127399
-1.1332806164572524
-0.5791904940699892
-1.5324327642686066
-0.5992665636314876
-1.918865402408367
-1.0742364419980974
-0.8215846879641143
-0.6670639600361175
-0.4509859139741187
-1.0254941961227886
-1.5302798991205457
-1.7864637222637445
-1.6304115697962576
-1.133592804826231
-1.2162085994334426
-0.9195485948316443
-1.1970618729232667
-1.1505388117834308
-0.7574228291293922
-1.259420428744041
-1.4834781231618157
-0.9504505401192325
-1.8900384003331199
-0.6033414851242671
-0.8335075298813447
-1.5451610494234937
-1.0408366842229095
-1.4488724738169034
-1.3321246789035703
-1.4920026050125548
-0.5436397850400804
-1.1270456076778035
-1.6973179930108906
-1.6140724648663407
-0.4921077071978052
-0.7025677009704295
-0.8807658316413112
-1.2983058747259868
-1.393764928152294
-1.0100749783140095
-0.9176298528145258
-0.8454731032828005
-0.8454731090821225
-0.5909642580926202
-1.5048967057872744
-0.8843997273955522
-1.3408509467934875
-0.49290995048686304
-1.8133277001451011
-0.9431611818896228
-1.6294483719246504
-0.15342681065738276
-1.168130620685282
-0.9543167404861876
-0.47563324418422626
-0.2714965186891854
-0.6815448496802646
-1.5515327675278296
-1.448159056607702
-1.3765944060817854
-0.9187890335781991
-1.3555888933439677
-1.6989961277228711
-0.36695125203077006
-0.7240223181539118
-1.1105615690072055
-0.2353468831192543
-1.1684674150541685
-0.8972202313028381
-1.0409647202759102
-1.7494770645468105
-0.375
-0.8641220347333685
-1.0365173148292008
-0.346901711613087
-0.6841123735781688
-0.8807018972069224
-1.454604214750416
-0.7315611571440657
-1.3233475988080927
-1.2842573881593884
-0.6855374287003286
-1.4387979629574819
-1.7878240792816678
-0.8849553394661394
-0.41600263099391827
-0.6009226878955896
-0.7926728393547675
-1.263927555618503
-1.0856961703314891
-1.2154391066225512
-1.5906606390049407
-1.767925159146751
