0.0
0.3253295995421695
0.0
0.0
0.299433787318747
0.19432145009164375
0.0
0.0
0.1865218696135805
0.0
0.07378897753099928
0.0
0.0
0.2884327402946711
0.0
0.1124046590767733
0.2157075165950455
0.0
0.09159711108939908
0.0
0.0
0.0
0.17985337310094485
0.309166145854567
0.3769088902887255
0.10526567172099979
0.0
0.0
0.25510361146338595
0.05392885801630673
0.306900831687103
0.0
0.0
0.0
0.12315806986140584
0.0
0.0
0.0
0.0
0.0
0.4871314127793776
0.20184180163367216
0.22352130429875317
0.0
0.0
0.11602449330973183
0.16362284413166417
0.0
0.0
0.3572037735859378
0.0
0.19206382774940808
0.0
0.0
0.0
0.0
0.0
0.0
0.44344639461452073
0.1534840439798913
0.3391719334619511
0.0
0.0
0.0
0.14516381625213298
0.0
0.14538842346475883
0.3027890033129971
0.10520792702762924
0.0
0.0
0.2581665797418067
0.0
0.41187274551354247
0.03905322970122032
0.0
0.0
0.0
0.0
0.0
0.13341848232224493
0.46321828468502113
0.0
0.0
0.0
0.0
0.0
0.0
0.0
0.0946993904253217
0.06904916812300736
0.13634760852348907
0.0
0.0
0.0
0.0
0.0
0.0
0.0
0.0
0.0
0.1597161050934746
0.12986828297734673
0.0
0.20109351047019156
0.0
0.744216572170033
0.0
0.3167395467913678
0.0
0.0
0.0
0.0
0.0
0.0
0.18774796762910975
0.2404806651752376
0.0
0.0
0.16751361030590847
0.0
0.0
0.0
0.0
0.20277205459822406
0.11635440820493295
0.0
0.0
0.0
0.0
0.0
0.18468508509274795
0.20670338951766457
0.1635427003814458
0.0
0.19206441014933942
0.0
0.0
0.36768852511112016
0.214696780525318
0.0
0.20792407779133532
0.0
0.0
0.0
0.09944410155562738
0.0
0.21177024291560703
0.0
0.0827447101816919
0.35987734765908974
0.0
0.0
0.10863978943124153
0.0
0.0
0.0
0.0
0.6997905791628721
0.0
0.06012806491585071
0.17177066204450891
0.0
0.5881001104531044
0.08705366691386432
0.0
0.09957087979110804
0.0
0.0
0.172932828983895
0.08856698658572448
0.0
0.24806591683438647
0.0
0.0
0.0
0.0
0.0
0.0
0.0
0.47912715848716314
0.0
0.2518028273728183
0.0
0.0
0.0
0.0
0.0
0.3264768858934457
0.18128231417859358
0.0
0.0
0.0
0.3183063688987445
0.11990074765513281
0.4670540770465391
0.0
0.2363050018232987
0.0
0.31526886613236155
0.0
0.2308571453841763
0.11331319483055885
0.0
0.0
0.38903369688919276
0.0
0.0
0.0
0.30000350499610684
0.0
0.0
0.0
0.1640615351818254
0.0
0.14020636524433566
0.26135617284028134
0.1070992827334427
0.0
0.0
0.19615401760183052
0.0
0.0
0.2633936296627275
0.10714087203950629
0.12321707978726307
0.0
0.0
0.0
0.11742846667170428
0.2005191722431107
0.0
0.0
0.0
0.0
0.0
0.4427338651859966
0.0834156503291855
0.0
0.0
0.0
0.0
0.0
0.0
0.0
0.122225486761752
0.0
0.0
0.0
0.0
0.06806958819927866
0.0
0.09605257502090858
0.0
0.0
0.0
0.0
0.0
0.17454204397927783
0.0
0.0
0.1274204120857659
0.0
0.0
0.0
0.14826036223695882
0.0
0.0
0.1156610058099711
0.1180164799959462
0.4001917648907265
0.0
0.052928234920955525
0.08091424798054217
0.0
0.4356825754637613
0.0
0.0705450497335915
0.0
0.0
0.13573551338200662
0.2671528204549295
0.0
0.0
0.0
0.26866874036927546
0.0
0.30111006574649246
0.2950018767371882
0.14513827343283675
0.240308566684054
0.11261925394807781
0.31686020134971604
0.282258718328926
0.3090565484698137
0.0
0.12667618444634848
0.0
0.0
0.0
0.0
0.23959758790944924
0.0
0.16475992796036087
0.0
0.10264017896446972
0.0
0.0
0.0
0.0
0.19197917622823774
0.0
0.0
0.0
0.0
0.0
0.0
0.2550238641751245
0.0
0.0
0.24615383473495017
0.0
0.0
0.0
0.0
0.0
0.0
0.35355161820452025
0.10059020175823385
0.0
0.33875138649662256
0.0
0.05186703549962342
0.0
0.0
0.0
0.4219301259462884
0.0
0.0
0.0
0.0
0.48759720736333034
0.0
0.0
0.0
0.0
0.35446168105737147
0.0
0.0
0.0
0.0
0.0
0.0
0.2504403094581751
0.1198588451906534
0.0
0.0
0.0
0.0
0.0
0.42545341865749386
0.18590950644172777
0.29609603411505736
0.3535522176833255
0.0
0.0
0.0
0.0
0.0
0.0
0.10630118374980249
0.1354111553087666
0.09821444353531661
0.0
0.10800223906093623
0.0
0.0
0.0
0.0
0.0
0.271340971710222
0.0
0.0
0.0
0.0
0.11717886330156478
0.0
0.2519333360404835
0.0
0.0
0.0
0.0
0.0
0.0
0.0
0.12210433050817138
0.27145018530262
0.21486675412986864
0.0
0.0
0.1360088212914657
0.0
0.17293286902404356
0.09827714264290655
0.680951560154739
0.7816162170489024
0.17439169843681862
0.0
0.0
0.0
0.0
0.0
0.08720015793501423
0.29618656302276886
0.0
0.33054888674420824
0.13961605911289632
0.0
0.0
0.562005308852669
0.14654218512931239
0.0
0.15083736976674117
0.0
0.0
0.0
0.35307493286542374
0.0
0.0
0.0
0.0
0.0
0.0
0.38382128941457366
0.23590390902068795
0.11261912480154543
0.21813721199222597
0.0
0.0
0.0
0.0
0.0
0.6354681482772315
0.043871278125718546
0.0
0.0
0.23194973618958112
0.0
0.0
0.0915818085747315
0.15122364110810294
0.0
0.09357496469758866
0.17065273391637517
0.28088349584880135
0.0
0.0
0.07560980288307373
0.0
0.0
0.3219240580817143
0.4554951010793215
0.3389676387994147
0.0
0.10921224042531441
0.0
0.2628150874723804
0.10566019694309552
0.14178112128798825
0.0
0.0
0.09417524409178724
0.0
0.2790444225887929
0.0
0.0
0.0
0.0
0.2359414002015705
0.0
0.0
0.0
0.0
0.0
0.42668625088934503
0.0
0.3535520072044665
0.09491621328387215
0.0
0.13172730441858532
0.15066700929967922
0.11038703779056812
0.1903482003638839
0.13058796143511897
0.0
0.0
0.18491456908433687
0.09595073704913318
0.2445248346352775
0.0
0.2274024462864267
0.11563882057181163
0.1663072657116128
0.0
0.0
0.0
0.1729328294208683
0.03160072278454803
0.0
0.0
0.10416155831548818
0.22912229235790504
0.13291629624244272
0.17145080177735922
0.0
0.0
0.0
0.0
0.0
0.3726926898018484
0.0
0.08564692620734457
0.0
0.0
0.0
0.0
0.0
0.0
0.17432425138753826
0.12624471762334977
0.17293272170543242
0.0
0.2191272430901107
0.0
0.08077649806049556
0.0
0.0
0.2820817306339602
0.0
0.0
0.0
0.0
0.0
0.0
0.0
0.37793317322332876
0.06093431314777272
0.0
0.10665105264399967
0.15866731293060196
0.21110019262779076
0.19325378656215791
0.11789548293836155
0.28951331301152866
0.0
0.45411507959270886
0.6190604719969599
0.0
0.0
0.0
0.14757795506199856
0.0
0.16932118303863014
0.2206324641816107
0.4767306002877753
0.0
0.4285822298304428
0.09578221941377515
0.0
0.061334725134491126
0.0
0.0
0.0
0.2234379294650553
0.0
0.0
0.21069428422213882
0.2094406144978857
0.17212059169764593
0.0
0.0
0.18381592754888038
0.14867699228211398
0.0
0.0
0.4295446360380576
0.0
0.4651207992064765
0.1360521135198121
0.18661882991580778
0.22612392861741779
0.0
0.0
0.0
0.0
0.0
0.0844854367859372
0.13798743065036434
0.0
0.09707138204358062
0.0
0.0
0.0
0.06427568893763289
0.10472557416673224
0.0
0.0
0.0
0.07427475534691969
0.21754031739675347
0.0
0.0
0.0
0.3417233660328528
0.0
0.0
0.13213558504684828
0.0
0.0
0.2760961331193947
0.0
0.0
0.0
0.0
0.0
0.0
0.37543279126156087
0.0
0.0
0.0
0.0
0.0
0.0
0.0
0.0
0.12941770534950117
0.0
0.0
0.17293277062033122
0.6962252855030107
0.0
0.16076297989839683
0.17293283717348018
0.0
0.0
0.0
0.0
0.0
0.40004561794039234
0.0
0.0
0.2703899190567906
0.14114752693131918
0.0
0.12286504312496947
0.0
0.0
0.0
0.0
0.10968918328682462
0.0
0.22921830217259387
0.0
0.21052257065208224
0.13361627767608775
0.10752373368208593
0.14546472131208843
0.19739447778614566
0.0
0.0
0.0
0.0
0.0
0.0
0.0
0.0
0.0
0.0
0.0
0.0
0.0
0.0
0.0
0.1252311828972673
0.0
0.0
0.0
0.05717000955867763
0.0
0.0
0.22590267068605163
0.0
0.0
0.060712527088188695
0.10460246593174655
0.0
0.44437759466897
0.6922408913612894
0.0
0.0
0.15986158445218177
0.08837844297684512
0.0
0.0
0.0
0.05000745297431396
0.0
0.0
0.11347250401959166
0.07570636584690979
0.18101276853021558
0.11164095552737338
0.0
0.0
0.4289917696105177
0.0
0.0
0.10695950191567477
0.0
0.0
0.18824127189935413
0.42661177837800845
0.0
0.0
0.0
0.0
0.0
0.0
0.24623623878221002
0.0
0.0
0.12163394439799768
0.26293273124909045
0.0
0.0
0.09965796425568416
0.0
0.0
0.2424875234633825
0.0
0.34228925982888375
0.0
0.0
0.0
0.0
0.0
0.0
0.0
0.0
0.0
0.20726924961986853
0.2091023465534747
0.0
0.0
0.0
0.3463716022762369
0.0
0.0
0.0
0.0
0.0
0.0
0.2154300262078212
0.12000353082462581
0.0
0.0
0.0
0.0
0.10349900363482531
0.0
0.1664034447654059
0.12479624558472106
0.38838899705550767
0.0
0.0
0.0
0.2844664887056837
0.0
0.08846229551121658
0.11624149094207148
0.17292964151614704
0.0
0.0
0.09309902513622681
0.0
0.0
0.0
0.16206804189123442
0.0
0.10621657790533251
0.2607755714328005
0.0
0.0
0.0
0.0
0.0
0.0
0.1458533031738673
0.0
0.4803126868841929
0.0
0.2681626348670154
0.0
0.0
0.40344648034056446
0.0
0.25381365156558455
0.0
0.0
0.0
0.2045174705792271
0.0
0.0
0.0779361870069312
0.0
0.0
0.3403912767375483
0.34669291100828314
0.19206440726044843
0.09787256476680438
0.0
0.0
0.0
0.0
0.0
0.0
0.0
0.0
0.0
0.0
0.0
0.158730701999023
0.0
0.0
0.0
0.0
0.0
0.07378897753099929
0.0
0.450299972379329
0.37203404924592015
0.0
0.0
0.2007972719989114
0.0
0.0
0.0
0.0
0.0
0.0
0.0
0.0
0.11261912261948055
0.0
0.1905653764657618
0.0
0.04142645476256341
0.0
0.46365948767991444
0.0
0.0
0.0
0.4386246829642143
0.36019102141199205
0.0
0.0
0.16737184587263534
0.4927088708114887
0.17293282551330535
0.25399054455219117
0.0
0.14795270226745458
0.0
0.0
0.0
0.40673455847037554
0.0
0.0
0.0
0.08390923602194841
0.4571025097926784
0.0
0.0
0.0
0.3297565628255432
0.0
0.0
0.0
0.0
0.0
0.0
0.0
0.0
0.0
0.1729328087141561
0.2481469193797925
0.0
0.2788463472588803
0.0
0.047767021775340465
0.0
0.0
0.0
0.0
0.0
0.4415871115509671
0.20911617383512057
0.0
0.2450910127313592
0.0
0.1207899005681734
0.0
0.0
0.3795429851286647
0.32454591779086767
0.0
0.0
0.44917388648102535
0.0
0.0
0.0
0.0
0.17661659550997388
0.0
0.0
0.0
0.0
0.4783588076947845
0.0
0.0
0.0
0.1619187493407483
0.0
0.0
0.0
0.3391964558257019
0.0
0.0
0.0
0.0
0.0
0.0
0.15289210201547063
0.12986888329215726
0.0
0.0
0.0
0.0
0.3300922144702466
0.0
0.0
0.18517542144635657
0.0
0.3156595833297652
0.10880966640548684
0.0
0.0
0.2887149713824727
0.24218875015249605
0.09847642979674942
0.0
0.5805683048143292
0.14757795506199856
0.0
0.1040197968622569
0.08080247372316318
0.0
0.4865512108327996
0.0
0.0
0.0
0.13040652205511538
0.0
0.7366007860104049
0.4356876368986001
0.0
0.0
0.19637580229972423
0.13261796032643047
0.2884490583784306
0.0
0.0
0.0
0.12604693461501482
0.20479649115688917
0.15915386681909494
0.0
0.2403981282705539
0.0
0.0
0.39776094390225636
0.14308934588824912
0.20503322644777264
0.0
0.0
0.14837390784686855
0.21321377621161877
0.40654846412141316
0.12224445323433315
0.12120542774810145
