4.306411559888801
4.5228260930490185
4.376065689929754
4.163113999084849
4.040603112496309
4.25245868635328
4.355475724582284
4.595900439285224
3.7533694886955447
3.990905760914761
4.027327342204731
3.8437941380882443
3.6287498506665656
3.82043976652325
4.05266017288057
4.558538038883309
4.15612558502897
3.8178053576767716
3.992792329681991
4.592642812417207
4.4967458995395075
4.570438154028436
4.804728457639592
3.8924782013832653
3.6585287176670036
4.207897237612728
3.784500472930365
4.145887041967817
4.586267406054824
3.931247920611644
4.599077102356926
4.048247586494958
4.708354589951299
3.682954541154412
4.844916379320298
4.421670982274353
4.831533299446952
3.9313746834002634
3.9855635001729883
4.122498117951265
4.053775601207987
4.048943549368522
3.965825905516609
4.100463016327025
4.2449056725982075
4.298305167430699
4.201569388386713
4.4186298896845315
4.631872406281327
4.548151163789858
4.240371687017483
4.085560074579536
4.428239664064973
4.806618575334365
4.5535659600995
4.08427364855676
3.6293194146737795
4.31982413512618
4.477121860736274
4.147787711072928
4.215282481746977
3.8639984299140693
4.359979875108686
4.1938302901458
4.283156337226023
4.234126254958282
4.106914697089953
4.881632508915357
4.134165720971542
4.077110704472389
4.372770380635867
4.365755646505701
3.615738903177831
4.376509196745099
4.198532815047908
4.074943968793035
4.063355316613259
4.083461174946139
4.59762006282866
4.733004029551698
4.499511128946123
4.427816751837308
4.827687466820786
4.023524742693721
4.387484230114339
4.4477622043521965
4.1471879343713836
4.173793372966389
4.207501392299659
4.316982688058783
4.175244655102777
4.017980435118357
4.668550158125845
4.398605933130861
4.162449280411831
4.256463278277187
4.574914274808953
4.681970690592973
4.7612877625664245
4.769451871226564
4.280413927735675
3.8895381119039967
4.290427167702856
4.196282056940996
4.62480835904071
4.2232449720761265
4.427174651524723
4.233187823168613
4.188230380221037
4.278015793093484
4.492539464480743
4.064692347910358
4.425393107813898
4.498055702453976
3.932701626329039
4.21648013343202
4.168974611792783
3.8758595609869224
4.267931713825511
4.267714304348914
3.9588461125677648
3.9096706149297606
4.580579956146261
4.4360599840753006
3.948280164681975
4.582832568221254
4.2087739200920105
4.35481449504717
4.393183540540711
4.071129440586455
4.1617542674704096
4.4142305106212945
4.830317942119431
3.8649832156320802
4.221025240845312
4.627162191195599
4.429460684540203
4.225990290945838
3.7055117335888643
4.419915792585892
4.118624026478423
4.278413525691471
4.083624028814372
4.2261766147132604
4.189295719851688
4.317941202495938
4.435756488046606
4.8425534180427405
3.621910105819897
4.634240354810206
4.4851863304169965
3.9176399550917065
4.575534131422886
4.294862078595405
4.637071751131879
4.75909500592799
4.610878564183662
4.267655882145179
3.9651902101292773
3.6561543672040346
3.696348493685076
4.738477328773295
3.6951143879339057
4.672119229284888
4.828203233080849
4.149194723507398
4.747780397817927
4.999999999999999
4.377779399769092
4.426067084033913
3.6437498358390155
4.245783572602619
3.96561799184125
4.736788776276137
4.15579152231462
4.1956033666820325
4.726513373126879
4.10118754899928
3.8875513718412513
3.805226814173741
4.718404468902188
4.230347293080163
4.37648510591997
4.400380900773297
4.182251431869228
3.904013391776179
4.396922607616178
4.370248417528358
4.575023103175693
4.12443001835047
4.0538125395299955
4.669931263097661
4.398989398015927
4.4445443856361795
4.339815857787106
4.090392417748651
4.758051454074008
4.2459671297833825
4.414728004835495
4.017882562053684
4.2782984291325485
3.940615505752648
3.9908985313016276
4.57576435516501
4.189503525716761
4.566818994297449
4.091750213792177
4.585721245270127
4.320646554774822
3.7347385377201094
4.72627257801965
4.29032924921731
4.586817864742956
4.55742777552985
4.425438381717958
3.999027988023806
4.70381576715574
3.9839018915355324
4.091308374299985
4.196020865631051
4.349125080380322
4.29195914154762
4.229277073495629
4.456285751950146
4.148316134044135
4.398363785543363
3.83233811792581
4.175935152250634
4.574169613568017
4.282864846328953
4.334891588137382
4.033938485343148
3.6025053327013135
3.9630765859208936
4.274654672565719
3.808558041726821
4.356324826471136
4.519521446374616
4.423554315350671
3.945464179522024
4.230784645733328
4.219089486582317
4.247190513091754
4.816318702429348
4.047630921101936
4.456273559645061
4.459510724886495
4.163623543108332
3.6713438924639683
4.615453562096324
4.273770690054904
4.473024527403451
4.186131584564314
4.537413583447662
4.179685221501233
4.230104921598227
3.590541500091777
4.025593693537986
4.621034921788966
4.4034081341597116
4.082275972190749
3.6581928522027978
4.163455451248405
4.174080301965651
4.731878889113046
4.320450139166544
4.47626919280577
4.176588416917163
3.8602330202754964
4.40621030491904
3.9811646835499195
3.8225936850711797
3.997428438954993
4.354283691059303
4.008282978195921
4.785717498252981
4.122569662658197
4.0526907520964315
4.701368782667588
4.79029092670174
3.7691647612686765
4.486330628325221
4.543167612941322
4.761831057873506
3.8826542049638073
3.7413012667707672
4.1069591308555555
4.2985638287546175
3.902927411094271
4.815262146143551
4.0648104576677255
3.864179626420237
4.151444240353763
4.388864292708208
4.3128631518224845
4.057112194589256
4.373424547972152
4.330988959989143
4.41191334728291
4.154347749969205
4.117728361348224
4.357003472333339
4.6805648296375315
4.216401092507591
4.088221518748284
4.214558881915157
4.447160784516869
4.308715596839959
4.54643038408171
4.363214810063332
4.657643513875651
4.608068103072127
3.7976159705186365
4.338787209733845
5.000000000000001
4.112413034603168
4.446342447165869
4.380208460601288
4.114805001862249
4.459455714083577
4.49018224650514
4.3114019241943575
4.675913150377936
4.35417580187842
4.806231054486453
4.523973441763036
3.9563018738576905
4.646499122476968
4.065333411777309
4.575874036061965
4.608758343003255
3.603562140159496
4.567372146642962
4.3623280947682375
3.848205537957933
4.538596644951266
4.3573526421269415
4.053660038517692
4.432505687628153
4.2415242688061925
4.145804730620432
4.615836878516009
3.6735201898216445
4.614190905585183
4.401007455572506
4.038722066737421
4.032718543780501
4.343696792073815
4.3173480105830135
4.577370442689757
3.8835335047687174
4.1869453621295065
4.999999999999999
4.111361145419971
3.867015707193516
4.22406784043322
4.217660096115125
4.374677388391053
4.666884056590159
3.68955098896199
4.339745123489003
4.280896306226362
4.5250247036569755
4.290501762745251
4.196553595665004
4.096865059401147
4.345806079483261
4.0712330011082
4.535144479040559
4.417603240081178
3.583141806825148
4.335164984296822
4.625232927135514
3.882610507916311
4.846133228740062
4.430829296506387
4.145462042937741
4.5709027112214216
4.316726244421917
4.3755623526936365
4.395642334419512
4.031812032195008
4.3708788982374305
4.13489136943777
4.3770175997246445
4.005948849623628
4.029322564626791
3.8552187919610272
4.027574345095457
4.624268024071508
4.138449006866159
4.442403366863609
4.359189860236518
4.413856583885405
4.370978798258186
4.250942214194009
4.162336691292065
4.102364014720222
4.224807510017366
4.202829635672435
4.36621006516805
4.605983272861277
4.233749749112314
4.366947064127231
3.8741265488187526
4.53337232370779
3.984880333037958
4.590549650272866
4.779591656425919
4.33255287598216
4.219465828600181
4.197624605167976
4.170975442631521
4.693848686933198
4.840733962611227
4.360543843634253
4.009623617417908
4.451072754708527
4.481045023184314
4.189816269703537
4.196616128551544
3.89955858988247
4.23506331518594
4.110178441449217
4.787119133445312
4.343045938019306
3.9219756081259693
4.153882885401252
4.44118238558472
4.23777652480171
4.0757298017779675
4.547374006220264
4.76257273158546
4.258964957419233
3.7503938292656676
4.231960677086099
4.5956419690390335
4.103964797905681
4.418846109131937
4.319119109761167
4.374849894607758
4.246409181816272
4.153330843854278
4.07778843936703
3.997667183727709
4.524250542493269
4.815333495142147
4.449457436937913
4.052006760729043
3.896625032831528
4.5204130791506865
4.316855305535151
4.135503936467793
4.5751208006625275
4.362345140192552
4.471086398075809
4.127446977202307
4.3719698475541025
4.400080553473378
4.0643485236997
4.237392641845351
4.628742198582397
3.939829086291627
4.673307248982371
4.318639061247594
4.023186938089696
4.088044291302339
4.019588318024065
4.332038887013053
4.203867981108297
4.4748321489192
3.8168887151253204
4.315832791233532
4.588659288159698
4.579513471556697
4.327839671505823
4.370484572652057
4.481473017651331
4.273277603719193
3.974032418927433
4.344844135181297
4.306474515662509
3.8759077732929446
4.239596321922905
4.3878764064863995
4.5613911139663275
4.479469368661993
4.312059423893592
4.26732627397242
4.376233990962646
4.427683331460292
4.080359823113034
4.514209642679605
4.853082893007191
4.554600793887832
3.9091210748493905
3.818775399293189
4.126190029531458
4.200239371930549
4.146690402365246
4.126326979603011
4.707524525741444
3.4915085186618677
4.743728916117181
4.547290711117576
4.009566424896586
4.017671998683226
4.302818491561305
4.264850121997869
4.498562542388978
4.312717020793339
4.287106867667574
4.456765066891196
4.773963944222499
4.500203900776079
4.407298699421337
4.633600023935595
3.992405831066023
4.492570323445857
4.617403568114746
4.118092157139286
4.122643377415079
4.055107564182648
4.146804658334899
4.377365242104766
4.587936136540536
4.273666111296542
4.374006669578683
4.491359293814788
3.939234481833764
4.537407402764631
4.364225110447396
4.525353523980589
4.242516477959948
4.219901633197395
3.8471431491771506
3.932089213496653
4.721647875732166
4.7892042588519885
4.150884233448718
4.213825930132909
4.002277395507229
4.7533596378608465
3.611372688171749
4.229968403954546
4.221110408379158
3.6477311167585578
3.5861225460487307
4.185380940186249
3.791482394368996
3.6693767447661854
4.762540074357239
4.409812360533699
4.008982819188451
3.5781453973591306
4.5318067353226335
4.3832589374136575
4.028946168473738
3.807530427824857
4.233671004853074
3.981745579176008
4.568730972403421
4.617749147444923
4.600386365155778
4.4314676880368244
4.187038078726402
4.613851979394856
3.94185812477376
3.82870162632475
4.313279938821865
4.104069244347501
4.644368628490477
4.396609250052337
3.4556684259293715
3.6527570245646674
4.149468229380278
3.6771967872222735
4.405801893787589
3.960631551015569
4.333178715511578
4.336230703371874
4.127645025197012
4.328876895247194
3.6132442424285554
4.095834611347691
4.190700837257144
4.241044226960015
4.504115940195109
3.982595901408943
4.373514247673364
4.2024809364969
4.134083948711962
4.094351040825105
4.549414932692766
3.6516054153302173
4.1113296526876155
3.599714132477242
3.89051516624424
4.150553567648254
4.455610022281978
3.7641269097496792
4.505393011540969
3.610073092335121
4.220055119059921
3.934938204419537
4.8256162660485895
4.4798206596609464
3.966194179555155
4.510440923806712
3.9994195079112616
4.628512499355048
4.231955182163626
4.500341203985531
3.913255891705693
4.405772331981071
3.9547342116721764
3.6336267648317127
4.013247992216172
4.45840607131284
4.124893770508849
4.040649827770333
4.409784027809652
4.676134249372048
4.086876433197856
4.43442964602187
4.54084636016794
4.578693603648177
4.183575300132327
4.352027489932513
5.000000000000001
4.322589435502125
4.22002985009733
4.40274370854646
4.591424546969444
3.643499158488081
4.027391736702775
4.158824446664245
4.474017328337854
4.5541332779887735
4.210321038454115
4.076527649663707
4.790387234625506
4.170270577021819
3.7590620276654185
4.5622874477335245
4.139088294124091
4.632330955746843
4.385554567684144
4.162878683049775
4.157493877012535
4.270151058479375
4.182881604573941
4.32066458267199
4.405806162889238
4.263072663365554
4.533033529882044
4.065560221803234
4.018918099447207
4.781647402430006
4.596169808064906
4.123857088121088
3.7102565227318234
3.9389240565669463
4.224681096581503
3.615102418378704
4.202767594768604
4.4660007413915475
4.488201705377751
4.5020579488214025
4.319102255689695
4.04407580296806
4.489396657939261
4.695120272970918
4.4838466470642935
4.0055020693094745
4.121686135322853
4.209199571639633
3.911610166569788
4.33176350853154
4.609735317894648
4.391326303657278
3.8489576103728855
4.75683865992158
4.727229396603115
4.163885283248306
4.213530661277725
4.071538764633201
4.606040160172582
3.8917177053249885
3.8736223865944446
4.273904670744898
4.258756531307258
4.4082264098879245
4.25458210174192
4.157198299055633
4.182921290533057
3.8883038558741667
4.2112229363577764
3.94169778909847
4.055615640342235
4.590678465101449
4.694069715883281
4.211456150454678
4.042380964782436
4.510727385391482
4.206491156252218
3.647710609839155
4.21848023231285
3.954550480037336
4.5964650295874945
3.6246640610694794
4.601518395277272
4.735704051844519
4.44436583913154
4.508568718305357
4.065172179375251
4.1932285194832515
4.831531537835739
4.39746840034116
4.6510700510430505
4.604386819796107
4.199093042539189
4.3674841271912275
4.4303699886895895
4.55245736440152
4.095035061855621
4.854787922775322
4.283264194973521
4.223319119456777
4.447078576599196
3.9306123242106987
4.655706918797024
4.348590804021931
4.109524971912235
4.271775711161774
3.714286428591471
4.462481772373467
4.005069216224389
4.253397050325005
4.353225105107011
4.304526396245257
4.5170970056466855
4.561143249569235
4.678719765175142
4.385245323045652
3.7324726935514985
4.4866779722842685
4.230862595247281
4.198094885203913
4.308125874634859
4.4442545358361905
3.592946996420358
4.0641213332693695
4.557713944335816
4.68382180860813
4.358909207889739
4.5105730909720325
3.9037421489766246
3.915375129546029
4.673478809691018
3.9126925173703064
5.0
4.368828579073611
3.6156095295924056
4.312073690334699
3.9608703641510066
4.483773969393823
4.181768778753622
3.6710803582005003
4.143349414298603
4.351812897111068
4.396990873330973
4.082997856418901
4.666029408148393
4.327846062335178
4.1755661262429715
4.348607744569603
4.09340396061351
3.972793770876429
4.690285551035454
3.608668448941059
4.402625444917734
4.57721359900053
4.3781111901097365
4.80952854780004
4.782592623602753
3.743852352043225
3.943700658665965
4.2931404852539865
3.6767585696492437
4.17323128540714
3.923501387578229
4.315544101633048
4.1558495863352345
5.000000000000001
4.12458432626075
3.9271472757452814
4.044712558883882
4.24583395385671
4.337586810051469
4.400623250856189
4.164484562026513
4.089992779784938
4.537766973635023
4.438458778183023
4.639719846531349
4.4294452441840155
4.152989898552431
4.071286884480799
4.093152646798365
4.426950258401897
3.6587994268968584
4.246111712981937
4.4740388363939045
4.0717318291077
3.96202191483973
4.246835310904371
4.363774204278357
4.406680441014463
4.08596644936615
3.903220901839533
3.9107893496918082
3.8318247311485587
4.083966392309113
4.302859774619366
4.211874943244833
4.223285783255279
3.59769645974033
4.5818820190070335
4.470493555135953
4.839102115034478
4.677193143971642
3.9874537947402287
3.8526094898428713
4.542460176799152
4.2136014710513985
4.760637178184931
4.465448660688011
4.748340731978707
4.357536707992241
4.431193172251733
4.047579882698657
4.250655377488743
4.350323182735826
3.570021015858462
4.782758391116427
4.558052127091655
3.808796686407116
4.410697465785387
3.57285417294335
3.6567709310765877
4.493116121900827
3.9580704939289313
4.176651595951359
3.9014579048884293
3.9535749564740454
4.749517077638135
5.000000000000002
3.9955347387349796
4.177439568135631
4.220146657722566
4.999999999999998
4.671535166249339
4.099007746136429
4.17223954780583
4.021821063711196
4.5962225245343715
4.380031186336536
4.719912176515733
4.223823759518119
3.9690233533696406
4.396635768732992
4.242183926530952
3.8531508463035498
4.244418428681049
3.852898883142093
4.528446385174527
4.31267885202641
4.550767110888833
4.093526880589644
4.003302593709313
4.350229389120659
4.459560093504344
4.387146603504002
4.210960496698805
3.9916779402625653
3.9604632436861293
4.393316330863312
4.377992599869344
4.474189032700367
4.465035554400246
3.6067805652523353
4.350479862316535
4.471324318445922
3.9770629623256872
4.999999999999998
3.8879316388091496
4.999999999999999
4.341680293935251
4.003982998083268
4.47048595147494
4.42132080370363
4.203715976755403
3.9001906765622794
4.394290124758951
4.317734644915835
4.441984074500231
4.021940601866962
3.7050951084186043
4.349809692505379
4.231978966401434
4.299418790529156
4.5108497783550465
4.03697201295592
4.092271773625796
4.199351561418454
4.62268015520972
3.6703967378967826
4.148351189242948
4.579593690819275
3.5102628320618385
5.0
4.070391657094987
3.6365608343373377
4.632743734665821
4.157661811176031
4.569341553305976
4.243545948456901
3.9436150131003167
4.327170837553808
5.0
3.76639864716212
4.60205963410112
4.391350213999239
4.496883924057021
3.8956806764371086
4.008173491239225
4.140106449179173
4.279470916560628
4.4490141351020265
4.020130185351986
4.423607280555285
4.459995045079991
4.178842596777239
4.864625706312516
4.318188923424791
3.972503338012347
3.9517198165233802
4.072061627890906
4.472607161832094
4.6935836984060115
4.441165915824421
4.574142441191011
4.438195075404128
4.1479071739681626
3.9331534638797625
4.738193080287424
4.4534436785309275
3.788114761900583
3.5855876167954324
4.108207626773606
4.649470081336701
4.57101446893605
3.9764704427489757
3.829055004332873
4.061219934402084
4.1014713759105215
4.107796269394105
4.687943291917633
4.233418166593377
4.770206547017472
4.071967851191291
4.792466937918498
4.199357138086001
4.206581821645994
4.452460689771581
4.0889371674367165
4.132400563835373
4.250372670555201
4.252730507007268
4.238730407928184
4.386251459600885
3.6135517525011958
4.311205439172244
4.080035873296778
3.5999297770027106
3.988243848386416
4.651181011627224
4.344606427157739
4.407295359805152
3.9023287818198162
4.077201411753755
4.628493740109279
4.450318636131694
4.354191518974756
3.9590131218871236
4.823849464193571
4.644952786720501
3.8459442865630997
4.132314222188515
