4.483743157870498
4.245374622235904
4.842456464262833
4.145686774012991
4.267339977743086
4.223475886864718
4.609402372978473
4.239950037266598
4.998090203076426
4.625000000000001
4.606979390290981
4.656872927966365
4.540272567602397
4.503960941732141
4.999990854005442
4.97268919833136
4.1968108339222585
4.541312490489578
4.926023386308354
4.439659981252523
4.428593753874087
4.602222168794187
4.31553613506928
3.926169204715538
3.8555501736113857
4.059747980342752
3.879205193546169
4.999999960137454
4.687413086116427
4.999951325707062
4.1677404625439225
4.245457705464843
4.999999768638409
4.617950511297781
4.318461578472522
4.068008525381788
4.240746865468518
4.624997272096806
4.386775270352772
4.358874026682418
4.788716973049335
3.855834743657191
4.933720878700343
4.173076219436753
4.595549233450158
4.263010876415404
4.431742814176906
4.659409064679494
4.278855587089599
4.335151844795799
4.735218401924549
4.413419310261102
4.11530432579468
4.948379730336765
4.865799548454563
4.0202844306716345
4.243762473895666
4.643554955770708
4.199110123880905
4.999981340302962
4.966698983572153
4.824850991967233
4.052494145389373
4.024998700053722
4.184904919714383
4.944138629834653
4.318058868725997
4.146528758837057
4.6330616790671435
4.999911787525299
4.868181689592623
4.999999999999716
4.999996836954564
4.960539997661956
4.696076156845632
4.23041465953656
4.258651271160761
4.342108082498973
4.214423556345431
4.131015166626144
4.0041552563137905
4.249982365170058
4.671557690586148
4.151626128535926
4.193226504926264
4.20569058464594
4.240930176502598
4.672741264903554
4.528028668772666
4.625000000000001
4.1975679622881605
3.9953993874415974
4.448230067832057
4.448299979252977
4.433552414147832
4.189793973642135
4.650085052659491
4.202836749965456
4.999999999662085
4.705393795069581
4.108228910203575
4.268281389776202
4.919311494345101
4.476864108074494
4.244026779091849
4.999999999999807
3.7723225096636037
4.1680587885253475
4.8825903684419245
4.923127696135182
4.6044995456613735
4.946137411014286
4.242454823029008
4.624999999999999
4.176689335792163
4.245526118821167
4.114284134826994
4.409339772497719
4.366614284696461
4.083921868030697
4.9999999497461145
3.812631480456786
4.3330869110992465
4.24545766748518
4.150955817398869
4.9999985747921
4.267538555741619
4.182530577849306
4.218308756710175
4.87725781549254
4.966236906887632
3.8973680123979055
4.889616786674379
4.36398963262695
4.427055284961065
4.631582864841177
4.380075436211755
4.112520890519396
4.121958253871931
4.26918872979805
4.8135949572835885
4.348119843075808
4.447406618633765
3.859994760267002
4.047467984455571
4.993929943988609
4.510795885746991
3.818578704793721
4.551414618279056
4.566327328547868
4.757158186266757
3.9504727148676784
4.397481039518659
4.250009578530789
4.433492892555085
4.066065021161537
4.284451007349097
4.484133629864977
4.963784905120872
3.821901462663045
4.999999999998608
4.624999999999999
4.242706939613711
4.692758132910437
4.783670405871772
4.673329668830517
4.885828458580351
4.251509601171434
4.8623101876655666
4.294959053661822
4.594043942284576
4.691759491089376
4.391716800957006
4.770038620493249
4.13520746115831
4.131692895628648
4.225539803288489
4.122064760722042
4.72174252916705
4.59472675001133
4.127443115969326
3.7951436293567697
4.2221299721321435
4.050870819734777
4.35549836194196
4.9786406510211725
4.201789993676327
4.4448186092069415
4.9999999999974944
4.969374920728462
4.081219695188358
4.300784395996735
4.413314162709169
4.514595879288338
4.133573807758219
4.069700583569456
4.3883614768195285
4.0031847686611
4.982017657366788
4.321360348907007
4.999992311545925
4.9477462060208115
4.469107266540585
4.847910048842431
4.634203612282699
4.351850596573301
4.69974443527917
4.72134042167383
3.8329458952995807
4.822552221996547
4.258400544262871
4.250261289986228
4.286505742685802
4.675110107600041
4.342995896818622
4.709749474184692
4.385069707674624
4.409029084496044
4.64442111137353
4.786762803163966
4.999999034525955
4.0566872859349274
4.722213156170414
4.229138422045272
4.73951871271938
4.449697285838486
4.685923857211406
4.821872608238682
4.613056026143771
4.35337728656744
4.305409251753393
4.999999999945899
4.365463802702931
4.938060755565141
4.674315853892068
4.062929745405771
4.403370712491489
4.470475232619053
4.918603331603539
4.245457654259059
4.19853067457947
4.00226266127459
4.319056280164646
4.479514184645402
4.195951402178522
4.271111159873809
4.114935885599476
4.56585468317623
4.768021503680025
4.499999064128862
3.9214371836274027
4.652484031196733
4.805842629875457
4.838929319003183
4.249984831750174
4.9999999490969405
4.285378113160266
4.939070199554988
4.645630164720394
4.576015294743217
4.632615716554794
4.504659234013393
4.728947366510471
4.787301563940145
4.736754710058893
4.190350251033318
4.40036349483157
4.042457820970175
4.269007477894515
4.0444996863358
4.682378079899496
4.838071819318653
4.203173848135184
4.118849840345272
4.097105377091166
4.98705939709907
4.2439817524097965
4.24666146289513
4.016366708062827
4.6764917449813925
4.680456607323316
4.0479834933691725
4.699417405284527
4.356801909237247
4.598400816630847
4.270482518633404
4.625
4.5237161144573275
4.238013371928758
4.650700799635221
4.714035844679214
4.5808300800105926
4.238056017007059
4.681580127170011
4.115954911189827
4.999798519023071
4.1654990812394574
3.8890212995397184
4.945307045483254
4.93109362625296
4.079033789932296
4.264574046023801
4.916096118251037
4.604520263057139
4.994171056983394
4.664971594907408
4.332418853478703
4.089781274577758
4.519252734645303
4.99883396573287
4.180329585794675
3.8820578865463107
4.945799548025941
4.195386694227899
4.99667837244545
4.238179861818377
4.672244568964135
4.999997073702561
4.794208070707194
4.40394403918962
4.24545769718237
4.26884439912554
4.945310752875371
4.541587250131994
4.10973339506673
4.593760899502887
4.225339097892889
4.2420646376538915
4.537667802480095
4.410167317642423
4.684080558704533
4.185049246505102
4.999999999999951
4.442929612561261
3.904912209366811
4.676796184431701
4.136354914864786
4.454983574362119
4.165357500216913
4.106944669464666
3.8532042150271852
4.752085186246772
4.603754867335114
4.354894627487702
4.601436587266607
4.500088464488621
4.671038771719796
4.163260781946711
4.047002772973732
3.8746978188685746
4.593717683902209
4.355811055206135
4.543318414267585
4.076018930299728
4.258513665853942
4.302872469480872
4.249982485634296
4.760994596530776
4.202044879710674
4.053206623868014
4.9999999538448465
4.625
4.683245796588017
4.510091017047635
4.596367722855127
3.883766860222167
4.236625502458451
4.999772401603036
4.2454576615224795
4.190347286152706
4.618643677562924
4.23601717188883
4.616471957770947
4.164875200520636
4.700574323292936
4.47317583077712
4.242005684256217
4.245457672855578
3.845904286460529
4.249982284689206
4.676355467075904
4.348166347071178
4.279475492477248
4.465729998804543
4.540987104570706
4.2232313291278185
4.180118271220218
4.9999964628804525
4.502491950173145
4.722590334222636
4.246928834894112
4.888252468168973
4.67116133500255
4.02396194356321
4.946892298994367
4.264678096770247
4.364527001239218
4.192175859230287
4.999999493539576
4.117465550307505
4.046480987495497
3.845731599185915
4.63252530740772
4.135366813416274
4.507098682607043
4.245457664821488
4.4596825740132005
4.2473981766672315
4.063315197229908
4.495374449825798
4.445794402433093
4.999999999980827
4.950578262371466
4.245457673789793
4.173863794223022
4.122987869859439
4.968610966170396
4.836952484256123
3.9025568733327036
4.655698165597099
4.999999765855979
4.372508599377703
4.581087284476758
4.20223726241532
4.72931912947207
3.9959500221635857
4.553912439531639
4.395899287414996
4.9132694694183945
4.99190199534542
4.477150809641305
4.164332493656074
4.999999999999998
4.435368338747231
4.87660539294103
4.948510695510471
4.297418975338695
4.04511333045014
4.865682422675383
4.746752951877177
4.158357851323334
4.742088130308841
4.693172878932825
4.998129872758338
4.999999999339212
4.319942435944443
4.0453938508174945
5.000000000000001
4.691047842825116
4.297507496171441
4.120487147449374
4.9492704635389755
4.400468208912161
4.697313999562506
4.72868678085024
4.620311301607978
4.978577059128651
4.1975116453026535
4.24998146344025
4.709064433887492
4.27346223086489
4.329561394585146
4.25936960154448
4.214707375973862
4.7408525387130664
4.62167591525352
4.689937254400236
4.216632736316143
4.177938782441968
4.550838629814004
4.9999999999941815
4.020413451553598
4.273844657975442
4.059423485461797
4.639500147190594
4.958884638376789
4.022235233986795
4.415110481543157
4.202725355350022
4.8794635662097985
4.5620837673769215
4.245457760848111
4.221322426849416
4.270749743113941
4.999999999998969
4.408032679030556
4.943840898646039
4.987753949389531
4.453698637440377
4.422809715445549
4.377734086300225
4.245457661251236
4.2499823145113735
4.625
4.668922472210765
4.176733870248248
4.999992345690247
3.948020585826814
4.3409762081224
4.174671160378634
4.338068703608452
4.07615773541538
4.405162438419517
3.9327262736663604
4.999230213377701
4.288981045913548
4.16037852179149
3.8771473801758134
4.8291956891901355
4.370890810511614
4.3189511072499345
4.123234822158441
4.909265603624981
4.140035831614467
4.2622396822582544
4.177348279638647
4.393985472775149
4.328712477091873
4.657609675365398
4.635230325205114
4.669956539386683
4.618605762472081
4.6130429553922125
4.434568667594402
4.999999999933782
4.97466743819645
4.211267847059458
4.410588141287718
4.729830834264621
4.890697900075022
4.228325402262295
4.139436382691864
4.088870739024632
4.131514180374346
3.9264840392331757
4.214702838008625
4.2518665222806815
3.98799190268891
4.945306103186389
4.258677686924563
4.999999992806934
4.176710093782729
4.21799455092815
4.460227227195351
4.762387251725414
4.5680137938685705
3.9112753787262076
4.018441958434209
4.249982307162507
4.997930614441138
4.195248902211304
4.2299667176321565
4.137210132104731
4.249982159830095
4.787975090782448
4.245457667627043
4.166518933652291
4.528231200176733
4.238295475859763
4.451541830328009
4.131647688022731
4.245457660028632
4.295414861077926
4.1035695818108255
3.8523364992926505
4.037614323889363
4.362734841052065
4.026507932500693
4.133152811875339
4.535725156403595
4.995451785249483
4.262031470473087
4.331666265160195
4.991145408688965
4.962803691324322
4.628744689507598
4.521944229746182
4.7719970791468445
4.2640015916234
4.009356206454215
4.565965155848732
4.995292794504114
4.223162960192961
4.337197826959635
4.166786279656377
4.821117049038179
4.585574837674957
4.999999999999998
4.016892271958441
4.987311214894055
4.062840395181487
4.058332108132858
4.671990385111028
4.320280967165811
4.235427949404141
4.249639973950491
4.474536847287266
4.209792075107757
4.146252864133597
4.565344430955269
4.532781191475348
4.669654002299306
4.098655650163044
4.524283889352311
4.999999999981354
4.078056968921054
4.135906655360415
4.1580808148712345
4.879614539417618
4.717597783045851
4.5328350964964415
4.744917226234159
4.216761262827038
4.690713696199515
4.283840568376806
4.894969113079439
4.852575215562964
4.745897962300995
4.714322265920985
4.695822571163448
4.935620011619819
4.172330774281053
4.245457436098268
4.74729549306048
4.5170476304567675
4.999999999980533
4.999999999999998
4.249982243229163
4.354739033431643
4.096215871594313
4.1249732592286845
4.041298970031809
4.97305722601161
4.892914713719203
4.999999984357291
4.2499823646287425
3.9779631977819236
4.587139589334465
4.8612840478356745
4.203108868034113
4.639119560821156
4.511791324042899
4.25706294423382
3.976011726328824
4.999999999999206
4.999129291516783
4.999976861641528
4.05676901091455
4.651830189136311
4.428074679854993
4.4987406422558465
4.170485994879176
4.325911184930207
4.196777399085407
4.286979603501023
4.24998216788609
4.97112666987612
4.936718551324935
4.1849961119740895
4.84298629730932
4.488237529392935
4.259334515196659
4.577143072710004
4.859155644342288
4.5379421485868825
4.138337413847831
4.330783426057658
4.625000000000001
3.9636489548273524
4.3227686409797705
4.626220320080458
4.290817583050541
4.469700313670962
4.092503580909093
4.17455470290674
4.195466943533067
4.179405434382827
4.769815469146089
4.249982326564791
4.999999967112328
4.609238197819051
4.625000000000001
4.405802840575464
4.36152153603607
4.159817003258551
4.246860267093726
4.4108424693146375
4.625000000000001
4.192500960953456
4.1515767204287135
3.9684654301548954
4.2797311518665975
4.174330785813168
3.902562190415108
4.835301246890544
4.208956936484947
4.54636689237861
4.40012225776853
4.627864214946507
4.7605805357325215
4.9999982279834345
4.068487854810803
4.217503344548474
4.157584093641104
4.217032008585976
4.882312649506313
4.763736218384787
4.24046633292406
4.959445466417486
4.197842470039787
4.705580277361118
4.399461355057092
4.706349804159307
4.304642499640281
4.109730522409939
4.554342303734849
4.679692667683389
4.999999999287446
4.377327550256626
4.6507349398703175
4.321570979396718
4.249982221530785
4.451535312478523
4.539848639120245
3.90408813896596
4.199221577558654
4.413953376085498
4.56541465365346
4.206275287590721
4.160382619197848
4.323713747840366
4.8089416598149795
4.583796528085946
4.4625968860004015
4.121205769608804
4.853246540562807
4.288672587319383
4.109069781508947
4.249982267632587
4.542477288045526
4.65453822074332
4.249982314320085
4.427729884144903
4.129048130154945
4.999971797718868
4.2354663668543875
4.999999999999975
4.631507929523705
4.842392777201083
4.676567197501815
4.729175401415398
4.052866935714227
4.176988945577895
4.489323628321544
4.5003896515621795
4.2454576545801
4.44960282137695
4.059570190300552
4.125576067105011
4.53639070442147
4.771461822908463
4.185443874982684
3.9962280574583677
4.673966348562604
4.7285826280091054
4.433686443173973
4.186175096245765
4.18402898406436
4.702259807072036
4.066589110196022
4.559144008260171
4.185384212194196
4.45711734330246
4.265160897090607
4.363941838580213
4.945803529483014
4.723443077358746
4.460666399562688
4.064358712867932
4.326246942500788
4.124269416610737
4.132533502603041
4.667460855349721
4.936121559408744
4.319381733791339
4.475505772270535
4.485605955373085
4.623401858757643
4.133226415382345
4.303030271642959
4.999999999999946
4.076654868047557
4.168855879651556
4.549583791859612
4.245457537098436
4.627488661528013
4.239386711968778
4.138409639586078
4.039641763017812
4.673191182102465
3.741955682970794
3.84813321933241
4.164700341496852
4.089692165913462
4.109733507090966
4.244200373103567
4.021607817113858
4.549980281563369
4.49824470183613
4.550425782484224
4.976731086548881
4.951240921295143
4.73775429780351
4.184937996492429
4.946466134431038
4.207433114785906
4.655139689553203
4.609590927897496
4.879173573555114
4.242936140745917
4.98910496795868
4.872944737942141
4.184916915759246
4.750780365397968
4.517280170627692
4.999857571218461
4.245040772874715
3.9322920253909066
4.653634778782188
4.915007949777419
4.355967637601722
4.050113408522858
4.41460246354766
4.066585641038127
4.318962668669512
4.2911199978058505
4.873867165843411
4.187702384652446
4.583190515459182
4.064753026176541
4.520839258838191
4.276972763626331
4.206600156292325
4.319306878943971
4.046148439485819
4.0817516248660555
4.700683705956629
4.9999401384239315
3.9756628491989505
3.8498473285556765
4.115205087610363
4.073849717307896
4.786780606807853
4.140803890996617
4.166482488291212
4.256555100687627
4.664174114902496
4.327184914346692
4.169223903676902
4.306411676809191
4.109733171782401
4.300946089936684
4.180501311710473
4.1257764046654755
4.237560376629085
4.466826404271521
4.216082524970654
4.249741382116131
4.212471960545044
4.24277462602366
4.99999999725944
4.833974160138272
4.170835480441519
4.646519446036299
4.130980546418376
4.066589073304161
4.979445258720438
4.780851271206164
4.99999685292448
4.450106998999925
4.241867779246453
4.1159753083520885
4.262264179145599
4.3543734206165965
4.380863184101302
3.9520697024500997
4.654515143842825
4.381450888326159
4.4025770857238795
4.849074597828524
4.813923632599202
4.755854775658205
4.73949491265824
4.290487037002462
4.468753282869178
4.694467679628153
4.901747787045954
4.33200377202577
4.687071896941671
4.779679678453828
4.999999957499194
4.018436192304471
4.196034077076597
4.765263701515193
4.175141204089777
4.68727928139977
4.944493726483367
4.2185187344486765
4.999999999999955
4.160461477520269
4.35610943192467
4.167320145803334
4.241234483945358
4.654164421336213
4.4831716269919655
4.267185086050601
4.769043807244923
4.117048516581096
4.672329505076956
4.358369857362558
4.279882089710207
4.248045727952651
4.635816014183036
4.378433830231369
4.289103825494699
4.620842367971156
4.067058353550761
4.096603385807005
4.999999621087239
4.962320998970916
4.907413601163956
4.165895815539481
4.249982247950954
4.871272538796633
4.0501468830749685
4.7218540434708665
4.355601896547556
4.686827170610259
4.508759915587154
4.456810862948115
4.402339428543672
4.640886439935965
4.047640658075324
4.323840410273384
4.072371584339029
4.392383281074102
4.45664617746301
4.832677884864365
4.999975799674296
4.655700867097142
3.802740884558517
4.612886384879288
4.19527866103987
4.193419745825036
4.318308304536998
4.334995025676203
4.750085836511123
4.208792545027213
4.659129974458561
4.566715896807155
4.965718901477585
4.918694520197116
4.2340902487107375
4.450104311912964
4.245574845960251
4.745076612978977
4.269550454600725
4.458093736475477
4.4528712980307
4.748732762079244
4.020215523757564
4.631143705122053
4.999984641566235
4.24202565801242
4.511375456798162
4.992742657137818
4.072062655875302
4.048428028929189
4.163997600282952
4.521547432358983
4.248976934694156
4.150317472941264
4.244828833907534
4.625
4.03116786214332
4.131549916323685
4.486302839261536
4.24998241244012
4.200245863685783
4.197501710516126
4.058357236106147
4.0578444399497595
4.157050393759868
4.5560078961647985
4.406199992282274
4.076270283180272
4.792355593290711
4.695662489644939
3.8436777751437825
4.065507777450772
