0.8408850777351434
0.6879944194660985
0.5205949560838614
0.8351308365186956
0.40929927462785215
0.502081898749281
0.7641612867778798
0.8751777325490517
0.6140361109077956
0.6431273766927759
0.5092386918630389
0.8439124564412959
0.6355647527358885
0.8274454676522679
0.6803977904397349
0.7662089275553131
0.6355823117397293
0.5891348928836119
0.6847461012610447
0.7615505566690637
0.6918508336582727
0.6253549204284647
0.8240300805203835
0.7495188252484462
0.6277312864714871
0.4037344091200695
0.8067277124941006
0.7981542180461956
0.8202577293181375
0.8102786770459367
0.6409178385201892
0.7742414683270202
0.8556722827380083
0.8751424954926049
0.713236273139922
0.9226215915254403
0.49475103698167594
0.664112978368365
0.7079110836972393
0.27114147163080676
0.8103740748134414
0.6677200845512745
0.8360918177877092
0.8336826894834645
0.8519696228627236
0.8325368686345925
0.6992340649686657
0.8330623176493797
0.6272667700931989
0.708127171824854
0.5055752332233538
0.8104904898236949
0.6169171971785332
0.8540778332590391
0.3144089829074882
0.7360839460467636
0.7432100101303779
0.8400718865905166
0.757344022482423
0.712574670393016
0.7936221649088222
0.5009052316290981
0.7724492701528434
0.8293443321001474
0.8575989531367338
0.5999329304727974
0.8764389236429893
0.6355821133731403
0.8354653815749338
0.7101948652796127
0.5092386918744847
0.8175872254358912
0.8103311926585799
0.7265519925625967
0.8093440037424238
0.47470994604093275
0.8239434321412513
0.38575777661972677
0.6355823260953934
0.833699096473479
0.6919880931521001
0.6415972190543506
0.6661676364816707
0.8601115705163046
0.8372937932321673
0.822041488672957
0.28468920353048055
0.8914499214499821
0.7270352266247908
0.8545755896782465
0.35414701562705464
0.7113304129166435
0.8330915361841558
0.6864426866004559
0.6627444630825982
0.8694119878590927
0.5790962023335977
0.7124016002926358
0.8305473537474528
0.7824053401544071
0.7129542147640116
0.7124490070555638
0.8507972967479212
0.6353645198802338
0.850797296752485
0.6355822992782372
0.5092386862781143
0.8144530738254246
0.8507390258479413
0.443392974901491
0.7031292675126201
0.848298659259854
0.8222255384158308
0.7609590775808286
0.7713078047505788
0.6386521759636468
0.7984895683314697
0.8258403540188836
0.7980790325521562
0.8322008801014104
0.735244235174654
0.8168407244103489
0.712530604233372
0.8253306892400804
0.8217633362040897
0.8193673579871579
0.7126985393540384
0.8331087957814463
0.6795778321524452
0.26442413500651735
0.8331263595436138
0.8221373295778152
0.6430093234285017
0.8312166555272353
0.6263774730951364
0.6253549199672013
0.7688074196474948
0.8513763549224126
0.7239636903063873
0.5729550817269997
0.7985990554848565
0.6223951644654125
0.625326158262631
0.8459841546710745
0.6888086250379415
0.705441365665697
0.8331388435452278
0.48368333860202506
0.8241919343989496
0.6236354389376013
0.3815019978569014
0.6321670144912981
0.6549246415027553
0.8331427916083125
0.6332792972359989
0.692071122959502
0.7718552460176257
0.8500733670135048
0.6881206565406406
0.6159096393318657
0.8177436030941903
0.6143032903247163
0.5092386918610556
0.8298663491003408
0.6317326916842891
0.6744792443858811
0.3321222270427632
0.8336459440616494
0.8326608714480257
0.30214901829051044
0.7407684990805898
0.8340127989819419
0.6076293956702208
0.7128119813425593
0.6386183072537166
0.7486421675073112
0.8471801298601591
0.7492781820578945
0.8536532163680739
0.6355823261475646
0.8103714287096534
0.7904505997278448
0.8515725225539708
0.8162199289473389
0.7805335050817601
0.7032225288969134
0.6618337225472977
0.6766688565934569
0.4838559200369157
0.7038564619892289
0.32396030464334513
0.7880669162252671
0.6277895632088552
0.8515082514284427
0.8322975564973916
0.5726672508680162
0.8248644394135949
0.6451808522368097
0.6473030913347284
0.713387717495626
0.4552686135649045
0.8271090079091798
0.7964353543143063
0.8051178010266986
0.7104943290453017
0.6650769563916759
0.32730160145636433
0.697017788372355
0.711429892799516
0.6949518577024171
0.3821320764310586
0.5948632146921392
0.7026792658841083
0.3823965660789279
0.8176457177810539
0.5103111223566346
0.6318149756920922
0.8182920583308433
0.7741801932473517
0.5344450039391194
0.8501099950388198
0.8867339483214609
0.4873457586474996
0.7935959719341079
0.7656342698678912
0.859009088260155
0.6063329977363203
0.8506933580787279
0.693499360165054
0.5295253877421604
0.6271532898873313
0.5092386918759407
0.6851563674629478
0.8331270580613235
0.6355777060096788
0.384541312905344
0.707738274547993
0.6355823259338496
0.864728181189298
0.7620806705715555
0.8481062998685949
0.5092386918738114
0.8101409117495573
0.5472809861770498
0.6383968352534862
0.6859200358539692
0.8583394421870317
0.4648550393453621
0.831366247683163
0.6523095516460411
0.7823052908124362
0.8048868826612299
0.8837945050487332
0.7947061096866583
0.793621930888093
0.855314382469323
0.7128119813612163
0.6775143983605272
0.3636173097890425
0.7734172106542009
0.822598838801538
0.5092375277940342
0.850797296754368
0.5957249647757252
0.5853612802404936
0.5871850941811211
0.5092386918759961
0.714319308365626
0.9434175153405844
0.786385851565071
0.6393013699678749
0.45391222203249315
0.850883350805112
0.6969306368733124
0.8100092588321786
0.6001359741142746
0.6092831337142119
0.692906005305679
0.8371523835211656
0.7739453856001266
0.6253549201654895
0.7414565577146314
0.6542973908988317
0.642357678324422
0.7228941712384886
0.7136676956435208
0.7323746393128268
0.3810209611254835
0.7500362226098234
0.6813257753455624
0.735244662225947
0.834061214870619
0.6920959516196974
0.8235131266098265
0.703322764773576
0.7128119794628642
0.7621048474683216
0.6355551894468514
0.8224187905276249
0.8576966791565763
0.6189747736962031
0.8216897729373638
0.7502809228415164
0.6691769020002702
0.8146953533357684
0.6130751326197734
0.8132041732929969
0.846808317227565
0.28446880866263485
0.7322405381095135
0.2707771340042621
0.7616682743699795
0.8419421361024679
0.7645305604342416
0.7780588885289399
0.7018243619386786
0.5095697404469719
0.8206930044070857
0.8493449681382002
0.7127956470442551
0.6305531555471265
0.7755110520458122
0.6460000907125033
0.6407437622973355
0.7587860139265328
0.629798645703137
0.819901059184829
0.6490242282308383
0.7004163137317636
0.8036482879751689
0.7760428872473717
0.8207692253730071
0.5318585899972209
0.43314940215860936
0.8337805408955007
0.6512229290792569
0.7123276696222286
0.7439448181959146
0.5362488217092494
0.8380495656671758
0.6786154384554517
0.7669197213240824
0.6464464910430676
0.6180844871884629
0.8331723621021501
0.8425026697586432
0.6980324141571066
0.8155235887290359
0.7582628624557023
0.8430541310204555
0.6276503638811333
0.8887757280748307
0.8315932919673679
0.859815152581622
0.6046070243141234
0.4684919533019106
0.7548182019941598
0.8317322031635277
0.8178072153452032
0.8169337176709359
0.7036746120152172
0.7572449414263333
0.6466169513245705
0.7871812541328287
0.8103714286350605
0.9438085334978783
0.6103119543757659
0.7424562466213622
0.4260944304399183
0.5895147616488998
0.6353828036447264
0.873004257456554
0.8240844480163232
0.7207350960532743
0.8342981171583309
0.7668173589466595
0.8230678621863488
0.849284093241076
0.7920074344067914
0.6727146602761468
0.8163547654119365
0.799546032368379
0.5290700602231626
0.6509298946008815
0.4877121533455103
0.8329144212771374
0.7293070894472455
0.8331249152071285
0.5771666424052837
0.5100372591827251
0.8728716877166436
0.8643903452660429
0.5333932188453578
0.686358816979689
0.7607369843123621
0.6253549204243138
0.8059575746058086
0.6452521067002077
0.5111577550202099
0.6615437201605705
0.6799179629465737
0.8103713166047297
0.5859428764770392
0.740123270450693
0.8303698091669459
0.603113354199915
0.44191152207997686
0.48096047622983407
0.6276414863360409
0.688253645686355
0.6355823261155268
0.7097408723065057
0.6355052628992546
0.35425829038236184
0.707818173421375
0.7098783168721975
0.49315792151680243
0.7425763828735313
0.7761581219380935
0.7592506132555492
0.8516772672227289
0.7663104371741021
0.857071248371268
0.635582326158399
0.5989325708234389
0.6349906921305005
0.6339571139928214
0.7140169157740945
0.681855472437508
0.8357295850585923
0.8742545747946697
0.7375074668246365
0.8044360305221954
0.7196877505134976
0.7331193648784322
0.8547960244664022
0.3580620340418872
0.5106271876577566
0.5984952282647278
0.35414701541555393
0.8426258282912893
0.7141377912045679
0.8238659617442594
0.7520923314808501
0.8229977291364654
0.7115834581247884
0.5092382215060463
0.633713900668479
0.6263039770233648
0.6116546961663976
0.4081229687658433
0.7828642303053369
0.8300551785818093
0.6165558579806603
0.7095862240161509
0.8545908538221414
0.8364389501922092
0.810355222678116
0.7003159744278703
0.3349475605092038
0.7348869277657948
0.6251097157261905
0.8212392291743946
0.6275243330789391
0.7540908113818285
0.7990420250999306
0.810805375060518
0.7133252235015473
0.6370130534966549
0.6352575043617439
0.6819867191159809
0.8055627750484136
0.7974193115898079
0.6254408271647309
0.710985218192941
0.8508750320689226
0.7647348402066364
0.8401492823156915
0.6405769207596761
0.7549878380822308
0.5205993368535771
0.6693632809706895
0.8479457363744513
0.8199441441140273
0.35423984431917477
0.8251816452345271
0.6655899498273731
0.6330728281202314
0.6233564559718207
0.7519480071092581
0.7128119724635604
0.6330108809009701
0.5092386918759896
0.6064318293080624
0.6355823255998143
0.6739396403710098
0.7130492633819678
0.35414701558435413
0.6962367116124855
0.6900455191876214
0.5736358234518285
0.8103605419835951
0.31440905531040186
0.627658113196131
0.7562963569616707
0.7303114454057191
0.8203683268311928
0.7803916308854554
0.6879160043524232
0.606344265327164
0.8342973176054481
0.7884082590962189
0.5092386918759995
0.8103714286446448
0.651520695397513
0.8467151246777432
0.5693133043457417
0.7491973993895291
0.8097141069156573
0.8687927419545713
0.6201835933279702
0.8437191512331557
0.487189385199612
0.8089650340888132
0.7825630458164354
0.8256212750034444
0.48144711874815815
0.7627025363310127
0.6818638548431131
0.7933998286520368
0.8008388537704341
0.8510756978283993
0.7764153275213271
0.8320778309319504
0.7306070869351884
0.5910025873235136
0.8068364078093395
0.6355823261639921
0.8482308489252373
0.6768506244641557
0.6338853864514222
0.8331069113974297
0.635582316425553
0.5092386918443781
0.5705587194909132
0.7769595866459015
0.8103703965773406
0.6394285085707898
0.6011684707613112
0.8928790243657688
0.7435040255166572
0.8195319089046693
0.7079058259237481
0.6253549200731839
0.5914730618509825
0.8508528267241235
0.797303429793156
0.8505411343322047
0.28283464065910024
0.6355822350223517
0.9238005142956265
0.8155552237808263
0.7130544821503054
0.6917232783283487
0.8425830872183626
0.8331266579974743
0.7129778276874783
0.8324742183085587
0.7451530626301164
0.8105810330328825
0.5823123789963065
0.647935363031573
0.8431913745489201
0.4853747202131575
0.8205111458924221
0.6101571010825224
0.773741688760985
0.5215508635800343
0.876687706316186
0.7596591504234689
0.7084534001089544
0.6426216004623024
0.8495975660673418
0.5458697524941069
0.5092386918745514
0.5588899506767958
0.6557007109786479
0.8551077223153167
0.8051464313444943
0.732622017395302
0.8186078033306683
0.6261167872952492
0.661398607984517
0.3144059429514756
0.6193584215022798
0.5274688993135435
0.8324578484267167
0.6882764722402006
0.8004595343946983
0.6723838255750081
0.7595182718986894
0.7089048299644434
0.7128118138860791
0.8503276900059543
0.40069440079751384
0.3550118191446317
0.7129417637298697
0.6116342065522933
0.5452796814695389
0.6562624541311907
0.9119583839861041
0.6355814472212629
0.6355823258619104
0.5092386918458455
0.5474971768185869
0.8493503741623578
0.8449612218376958
0.776405212847725
0.6355484795756783
0.5609632089051315
0.8329072566879461
0.7734390046665545
0.8190482617259185
0.8330655596111345
0.38060879182145746
0.6255258867477547
0.8103712823322887
0.6277445818771423
0.6908613593104571
0.6663308255471334
0.5417098348607527
0.8249025983550475
0.8201287621313662
0.6773322923113084
0.895072483154659
0.38105178183128396
0.8306875352969805
0.8567398063005914
0.6786907050577333
0.943810756878465
0.35433553584175803
0.8297531573250797
0.8447116415978004
0.4632773151426609
0.6277852633639098
0.40587414029689034
0.9371346529580662
0.833102335435733
0.9181569313356788
0.7894515167326033
0.6276421968182153
0.5282417978409265
0.6354718032183855
0.623468335297734
0.6253549204258597
0.6572453980974928
0.6697386043980894
0.7131980382797649
0.8103714285636124
0.6761424137408929
0.8535352320187283
0.6941142480335253
0.83210631922611
0.3808288817192942
0.7140544413060148
0.8181629786443989
0.8132870824645408
0.7063385810223957
0.847503579796132
0.8190465161096268
0.8495489561916586
0.8346237498729834
0.6128071604182146
0.8803306766088743
0.7350734544100399
0.6076722114661559
0.8308059136109193
0.8507972505754258
0.38082888232073187
0.5470828089155059
0.7126251332050921
0.6303095398164643
0.7704179440315004
0.8325673656695469
0.5321017827235885
0.6964092589961225
0.8328556750384313
0.7128119789551347
0.6355823261181881
0.5420452526171295
0.8244420564171571
0.8344204074003398
0.8513912666823631
0.7608707372662948
0.7127901617573087
0.8206482420500818
0.3595688169747848
0.7138039445011545
0.5637109696275794
0.7573116807585012
0.8320082745286134
0.8461228405796248
0.8207220891661939
0.7243467843498304
0.7973225864127798
0.5530969375803995
0.6383089628818652
0.6396673002785445
0.5383220777030361
0.7780359976778735
0.6174571513612954
0.8348270172003263
0.3680964695564597
0.6338641113890385
0.5618818421602315
0.4694428247766761
0.2850319392360578
0.8103699545316427
0.7672821317096891
0.7388160119522543
0.833860983098667
0.5092386918674641
0.7295847947618574
0.6293558855860015
0.7871823573949175
0.6106527584010907
0.6255535930170499
0.38291058173555736
0.7134671080546342
0.8064519629589557
0.8562131129137788
0.7277128321914139
0.835405115254817
0.7950691444352276
0.8063951634753417
0.7155455137664367
0.7630047081528795
0.832914275036625
0.5205993794803521
0.8104183120736628
0.8424384499743665
0.8205571445753319
0.7270253703233877
0.6355811387322098
0.753104934583048
0.815809674757216
0.7148411196001492
0.712916503513067
0.8310439558986494
0.826507623042896
0.6758996158674522
0.7283720000896414
0.7084912320903789
0.8504706117093352
0.8615870922874755
0.6379842516676649
0.6240451619607497
0.6622221444755285
0.9281223837795516
0.5352601772202846
0.7542815131321228
0.6276843321225407
0.6722593729123595
0.8324919326916885
0.7130773960579817
0.38280825395410967
0.7310930435308971
0.6355823234761555
0.8875977682458663
0.6381589041109371
0.36883568902148794
0.7980005522671456
0.7766090031247586
0.6262512047175199
0.41533954440904064
0.8096912306189984
0.8482856237195517
0.7135930076701609
0.7651389057142988
0.6506825478439786
0.7711563267594375
0.6870256663186096
0.8103714262528425
0.6355823012709525
0.702482689540606
0.6355656994902866
0.6430624561996813
0.5207160373747919
0.8116468082118962
0.7953084412077398
0.711576043610014
0.6104154836367542
0.6278427746442881
0.6854385019972065
0.8154795651230762
0.6142014072211439
0.743469938800102
0.7064296116201494
0.5379650233173566
0.5440003453502475
0.5455531236212765
0.8200234548855946
0.6863668035908914
0.865851137949535
0.6345865684671977
0.7454305553481024
0.8065770148046261
0.7493196043395277
0.663207355619599
0.674962841892156
0.6800697395710423
0.6359821589400813
0.7129322850323108
0.8140873616654365
0.758009561959021
0.8217280930782962
0.8296334934097351
0.8268936184661441
0.6871121492907596
0.7884593320133741
0.8393991028671164
0.7372572532931114
0.712809682426244
0.7876720291814595
0.8314739231386362
0.7248404644492317
0.8407582666525499
0.69647632926418
0.7944425670308427
0.6600429175955075
0.6805251967398795
0.8949617147582818
0.8211669170279587
0.6232193263407616
0.6359244494392575
0.6758680305350824
0.6658809779623083
0.8345691756722342
0.5026196548477424
0.6395643841037998
0.6086970676589861
0.8210194382495137
0.7322873023632896
0.8036021592382099
0.829117562144855
0.8198937045436738
0.38082885955705936
0.260551528636929
0.7949135623628785
0.6531047954455425
0.8229481867892938
0.6774688669687909
0.8563169695366044
0.6355821331148754
0.625354917376472
0.7618244316326255
0.5493038248940542
0.6720162852772926
0.5092386918753152
0.9097831411089716
0.4602330861196229
0.7137161519105035
0.7081702901234022
0.41509930753067514
0.8454515381235053
0.7724538920980168
0.6355572808029843
0.6107272674919049
0.5438916186533282
0.8364833525648067
0.7154730267815989
0.8475483895390981
0.3526150298002674
0.8316458350870652
0.6713415057319552
0.5230715323493617
0.4388790201242959
0.817496722750365
0.7369015794125953
0.5603983231905539
0.557354412833682
0.5800469521881646
0.48616845211212034
0.8063603618801398
0.3448069255514128
0.7030030186984839
0.8408273940450114
0.37944394999832803
0.8121190204475426
0.6273594079575193
0.6277615872691797
0.857773327923749
0.8331643384264056
0.8848501412797265
0.5395503732933074
0.5092386918573086
0.714050575781557
0.5478491236813763
0.785874367413648
0.7860028724540343
0.7950189091539435
0.832153384032803
0.8282548285971035
0.681167011167467
0.8177452771686375
0.5055733533721348
0.6228908777580098
0.550768658618197
0.6418768306566436
0.8507971556356433
0.3844044316409854
0.782879342803973
0.7218646774336717
0.7632566695474058
0.6761080202615403
0.7993497482092342
0.8471060506902963
0.7792137131395052
0.8330330568219868
0.565067115350503
0.6814840601594888
0.7088492891878058
0.6355819605398536
0.6937010555410676
0.8321790228636158
0.5948237485850012
0.8748904037399293
0.6355823201862592
0.7937724467910708
0.812562282487411
0.8507382681178656
0.5092386918753147
0.7863436436128863
0.6633555035374495
0.8072223658162911
0.676094282943301
0.45125210755272627
0.4428257099776153
0.5689800164574359
0.8225982038694593
0.6756810196369404
0.8196690485699067
0.30228818619293707
0.6429205844446019
0.642060459228537
0.46945470494514363
0.7799089709005529
0.826863406859917
0.7128343964675825
0.7352446653699884
0.8336341240926213
0.7954621074241799
0.3594579058800388
0.7460241618155496
0.92217320790762
0.46624147176645947
0.7059403323443039
0.5966043659953559
0.7323902035550697
0.5498685111329635
0.6355823261354214
0.7512677377594219
0.8328937835820451
0.792075619453505
0.822212922595648
0.5527020866020984
0.5645067823091794
0.7037640675573307
0.8554863951470527
0.7121426906164661
0.8355113800345004
0.6812355597425117
0.6312830718262765
0.8177343150416625
0.7987406374027075
0.8456981737433346
0.6816206193221379
0.8103578448155804
0.5429392847252339
0.7128119726833914
0.8331601326520874
0.7140966606141876
0.6050977157862943
0.8103673253230033
0.75915810564095
0.6278336948484022
0.713276050371837
0.8101997841373576
0.7082019021806931
0.8850461685814321
0.7029784571074484
0.5846706792912644
0.8365328023988998
0.6355823260296694
0.5954617779555285
0.8515262547234647
0.7606804263324884
0.8185071665462123
0.7349060041149924
0.8331115453286859
