4.548971975626504
5.0
5.000000000000002
5.000000000000002
4.999999999999998
4.999999999999996
4.857848828668803
4.999999999999998
4.824747124892178
5.000000000000002
5.0
4.999999999999999
5.0
5.0
4.456895482443965
4.999999999999998
4.999999999999999
4.842943039262428
4.9999999999999964
5.0
4.999999999999999
5.000000000000003
5.000000000000001
4.999999999999999
4.8238957620137946
5.000000000000002
4.800509311675119
5.000000000000002
4.714040503799986
5.0
5.0
4.999999999999999
5.000000000000002
5.000000000000002
4.555756720743746
5.0
5.000000000000002
4.845707383449294
5.0
4.999999999999999
5.000000000000001
5.000000000000002
4.642299204036599
4.999999999999999
4.343027084539567
4.814488184896763
4.161984181555333
5.000000000000001
4.999999999999997
4.8363427429908015
5.000000000000001
5.0
4.999999999999999
4.59704752383737
4.829990808046032
4.999999999999999
4.896239055161326
5.0
5.000000000000002
5.000000000000001
4.854083626430186
4.506264020214271
5.0
5.000000000000003
5.000000000000002
5.000000000000001
4.658295452730223
4.999999999999998
4.637572745101884
5.000000000000003
5.0
4.551186847251847
4.738322052408669
4.999999999999998
4.8572165597856936
4.4516748983404995
4.549347032055813
5.000000000000003
4.298963556051237
5.0
5.000000000000003
4.7352825134413
5.000000000000002
5.000000000000002
5.000000000000002
4.291999932565075
4.999999999999999
5.000000000000001
4.766004058388132
4.461704960322886
5.000000000000001
5.0
4.664338712483899
4.7889093850490285
5.000000000000001
5.000000000000003
4.941427374766167
4.999999999999999
4.784499753475602
4.999999999999998
4.022265648993415
5.000000000000001
4.999999999999997
4.999999999999998
5.000000000000001
4.279378683575025
4.708840740238515
5.0
4.999999999999998
4.999999999999997
4.671777463128009
5.0
5.000000000000001
4.999999999999998
5.0
4.585147531398053
4.846017773245734
4.999999999999998
5.0000000000000036
5.000000000000002
5.000000000000002
4.7501147438909745
5.0
4.7444215499453195
5.000000000000002
5.0
4.329230823565797
5.0
4.845073445556594
4.999999999999999
4.999999999999998
4.999999999999999
5.0
4.71100280833142
5.000000000000001
4.540672081305284
5.000000000000002
5.000000000000002
5.0
4.651520178989439
4.999999999999998
4.999999999999998
5.0
5.0
4.412468461064866
5.000000000000006
5.000000000000002
5.000000000000002
4.999999999999998
4.642881056932956
4.751563306018011
4.453057705118596
4.836058513460379
4.888389304418873
5.000000000000001
4.686695313664352
4.999999999999999
4.999999999999999
4.999999999999999
4.999999999999999
4.885603052668816
5.0
5.0
5.0
4.368843452154297
4.999999999999999
4.7175136696258475
4.6797602425892
4.999999999999999
4.999999999999997
4.999999999999998
4.999999999999998
5.000000000000001
4.999999999999999
4.999999999999999
4.9999999999999964
5.000000000000001
4.999999999999998
4.6971470474020816
4.4561087002831945
5.000000000000001
5.000000000000002
5.0
5.0
4.835292996949551
4.819376296373587
4.565668549288572
4.555270511917795
5.0
4.182597012069852
4.430590028414007
5.0
4.999999999999999
4.918449360564842
4.999999999999998
5.0
4.8679078238058295
4.872133500989298
4.554256507429415
4.855716163180812
5.0
5.000000000000003
4.903043933798666
4.999999999999998
5.000000000000002
4.826962229044907
4.999999999999999
4.999999999999999
5.000000000000002
5.0
4.869546832674181
5.0
5.0
4.999999999999999
4.999999999999997
4.726700232470799
4.493150524436214
4.999999999999999
5.000000000000003
4.465708722880026
5.0
4.759857061453048
4.881175191120311
5.0
4.617484742505777
4.86449793538776
4.49431683777104
5.000000000000002
5.0
4.595920600839804
4.7641612402661
4.696792431783865
5.000000000000001
4.9999999999999964
5.000000000000002
5.000000000000001
5.000000000000001
5.0
5.000000000000001
4.999999999999999
4.639309611675481
5.0
4.999999999999999
4.999999999999997
5.0
5.0
5.000000000000001
4.863877545811364
4.381293161942416
4.999999999999995
4.999999999999999
5.0
4.9487916620231776
4.3348139397679155
4.129242141838329
5.0
5.0
4.80691740202763
4.680883999832391
4.843593705958866
4.663365916453223
5.0
5.000000000000001
4.928167610212986
4.844243962854985
4.999999999999993
5.000000000000001
4.842699131708537
5.000000000000001
4.999999999999999
4.310245079233664
5.000000000000001
4.791455108573424
4.999999999999999
5.0
5.000000000000001
4.999999999999998
4.999999999999999
4.999999999999997
4.999999999999999
4.695858895752958
4.659928042692515
4.999999999999998
4.850190259796255
4.865409311357649
5.000000000000002
4.866366725898884
4.688991808044315
4.4406449830929615
4.372902094804964
4.999999999999999
4.891720750447964
5.000000000000001
4.412465990761648
4.999999999999999
5.0
4.7657508133563065
4.999999999999999
4.876817861727273
4.999999999999998
4.71645076788
5.000000000000001
4.830060306187219
4.737074288745501
4.8367045993545235
5.0
5.0
4.999999999999998
4.820304576628341
5.0
4.818895577688309
5.000000000000002
4.91508127969524
4.999999999999999
4.772267292566631
4.999999999999999
4.7763713736177476
4.641057995767776
4.7528087124986556
4.804003397231816
4.999999999999999
4.796840726765108
5.000000000000003
4.861584659312344
5.0
5.000000000000002
4.789988706019932
4.4613854342359085
4.999999999999999
4.8709401572890405
4.999999999999999
4.69903677843995
4.999999999999999
5.000000000000001
4.759185271104044
5.000000000000001
4.738597399466697
4.999999999999999
4.886273382110079
5.000000000000001
4.999999999999999
4.565696630816316
5.0
4.999999999999999
4.462309781365348
4.840043987320098
5.0
4.999999999999999
5.0
4.999999999999999
4.328237409906126
5.000000000000002
5.000000000000001
4.0609983106221925
5.000000000000002
5.0
5.000000000000002
4.586000270206057
4.721838786140841
4.496999518763323
4.999999999999999
5.0
4.445954436623812
4.999999999999997
4.8333413138895835
5.000000000000001
5.0000000000000036
5.000000000000001
4.999999999999999
4.632705329497806
5.000000000000001
4.999999999999999
4.999999999999999
4.999999999999999
4.250998018029706
4.999999999999997
5.0
4.809997165584847
5.000000000000003
4.999999999999998
4.833795052877799
5.000000000000002
4.654816141886775
4.588246260251284
5.0
5.000000000000002
4.370670510379751
5.0
4.609746676843516
4.573356597374184
4.629146585953753
4.999999999999998
4.43470917540317
4.999999999999997
4.422503677049399
4.836085194872526
5.000000000000001
4.999999999999998
4.9468674035789055
4.999999999999998
4.725043139816709
4.43110175637338
4.398080641579217
4.5760938637937985
4.757127133230996
5.0000000000000036
4.999999999999998
4.466949444982153
4.858040084533674
4.788290569112757
5.000000000000001
4.518433217510152
5.000000000000001
4.64934666963591
5.000000000000001
4.866185151634632
4.351872916098108
4.999999999999999
5.0
5.000000000000001
5.000000000000001
4.999999999999998
5.000000000000003
5.0
4.999999999999997
5.000000000000002
4.999999999999999
5.0
4.87797172476585
4.619239054990235
4.402833852983283
4.999999999999998
5.000000000000001
4.866092722765421
4.835865604950474
4.870726614053472
4.662066272687128
4.999999999999999
5.0
4.999999999999998
4.8331513586132475
5.000000000000001
4.876355144508697
4.999999999999998
4.5351181606368005
4.9999999999999964
4.813941217414746
5.0
4.999999999999999
5.000000000000002
5.000000000000001
5.0
5.000000000000002
5.000000000000001
5.0
5.000000000000001
4.4662878145460025
4.999999999999999
5.000000000000003
4.5561803753065035
5.000000000000002
5.000000000000002
4.7823858633869705
4.502118475600718
5.000000000000001
5.0000000000000036
4.8204348765648515
5.000000000000004
5.000000000000002
4.53358474511843
5.0
4.933609273676624
5.000000000000001
4.5660054393746465
5.000000000000002
4.859898484865812
5.0000000000000036
5.0
4.894752229135428
4.999999999999999
4.805747667356936
4.55170787746757
4.3802791910121694
5.000000000000003
4.999999999999997
5.0
4.859246343023583
4.999999999999998
4.55633318216017
4.613604964843486
4.445903686569428
5.000000000000001
4.449428101399552
4.999999999999999
5.000000000000001
4.999999999999998
4.763263561797786
4.999999999999998
5.0000000000000036
4.999999999999999
5.0
5.0
4.893729860789149
5.0
4.79146719981113
5.000000000000001
5.0000000000000036
4.611298640815345
4.645499751868718
4.999999999999999
4.999999999999999
5.000000000000001
4.999999999999999
4.999999999999997
4.8752106081114555
4.999999999999998
4.844868463951937
5.000000000000002
5.000000000000001
4.999999999999999
5.0
5.000000000000002
5.000000000000003
4.999999999999997
4.739781942784013
4.606938628211878
4.8260881291324775
4.57666661268762
4.825093825636833
5.0
5.000000000000001
4.601216430185229
4.999999999999999
4.803365477274674
5.0
5.0000000000000036
4.81398724606477
5.0
4.999999999999998
4.715544261838305
4.999999999999999
4.589112953875379
5.0
4.811005290319074
4.444602699778663
5.0
5.000000000000002
5.000000000000001
4.999999999999998
4.72710498078453
4.544371172992448
5.0
4.663719509450238
4.999999999999999
4.63492004046022
4.877914361153313
4.999999999999999
4.862896759000893
4.803330636033831
5.0
5.000000000000001
5.0
5.0
4.687262293961647
4.775076521612756
5.000000000000001
4.751316436085169
5.0
4.842552128702018
5.000000000000001
5.0
5.0
5.000000000000001
5.000000000000003
4.844363868282842
4.751933966948788
4.999999999999999
4.676048084862447
5.0
5.000000000000002
4.627335295245549
4.999999999999997
5.000000000000003
4.999999999999999
5.000000000000001
4.403157575536708
4.86806197056868
4.872100032793039
4.999999999999998
4.451578326435804
4.760711991122964
4.999999999999999
5.0
5.0000000000000036
4.999999999999999
4.999999999999997
4.664338494768086
5.000000000000002
4.817718821932362
4.637911125858227
4.999999999999999
5.0
5.0
5.0
5.0
4.858710132787548
5.0
5.0
5.0
4.999999999999999
4.196575818805605
4.999999999999999
4.454327997070442
5.000000000000001
4.881054789949248
4.9999999999999964
4.999999999999998
5.000000000000002
5.0
4.999999999999999
4.806304785625589
5.000000000000002
5.000000000000001
4.460375411212095
5.000000000000006
4.999999999999997
4.999999999999998
4.816906548986426
4.417903989497228
4.524516957127963
4.678309394060341
4.999999999999999
4.999999999999999
4.9123379066586965
5.000000000000001
5.0
5.0
4.999999999999999
5.000000000000002
5.000000000000002
3.9753617100739493
4.693804259155078
4.999999999999999
4.999999999999999
4.999999999999998
4.311110926170296
4.412466054793283
4.682144757211327
4.999999999999998
4.639597989427635
4.84875848031967
4.746962547695584
4.82416780496598
4.615791867779884
4.53144375726997
5.0
5.0
4.6485373506996215
4.999999999999997
5.000000000000002
4.773627696675514
5.000000000000001
4.416608020446011
4.856237599419948
4.485745602742785
4.999999999999999
4.999999999999998
4.638071685153607
5.0
4.82387295583691
4.6193584749385606
4.999999999999998
4.999999999999998
4.597244183112526
5.0
4.201344593459286
5.0
4.999999999999998
4.853820186334286
5.0
4.999999999999998
4.999999999999999
5.0
4.999999999999998
4.999999999999998
5.000000000000001
5.0
4.999999999999998
4.999999999999999
5.000000000000003
4.656362638390936
4.900686227186386
4.745452670857971
5.0
4.999999999999999
5.0
4.750114525245479
4.508694579057883
5.0
4.449269351145276
5.0
4.999999999999999
5.0
4.737806634314942
5.000000000000001
4.999999999999999
5.000000000000001
4.77325282507945
5.0
4.65211776782986
4.999999999999999
4.686546271168828
5.0
5.000000000000001
4.999999999999998
4.999999999999999
5.000000000000002
5.0
5.0
4.999999999999997
4.845825267443026
4.806681990971092
4.555346792220431
5.000000000000003
4.41666483178565
4.636535824120741
4.783113854312312
5.000000000000001
4.999999999999998
5.0
4.817784341440399
5.0
4.999999999999998
5.000000000000001
5.000000000000002
4.730168931944878
4.8629537342193485
4.399959649565246
4.999999999999999
5.000000000000006
4.591573604366641
4.877797018303376
5.0
4.999999999999998
4.400472032121851
5.000000000000002
4.576092323755656
5.000000000000002
5.000000000000001
5.0
4.713622764409857
5.0
4.506026769134035
4.423087060424028
4.897339939350659
4.841578505652927
4.999999999999998
4.643089189882207
4.999999999999999
5.000000000000003
5.000000000000002
5.0
5.0
5.000000000000001
4.999999999999997
5.000000000000001
4.7979365971555685
4.726499692653968
4.671706689916781
4.478089558314522
5.0
4.8282483910124725
5.000000000000001
4.731219986012427
4.8077647324157295
4.472207250813654
4.8776993947506035
4.816980446816292
4.999999999999999
5.000000000000002
4.999999999999999
5.000000000000001
4.750513553082482
5.0
4.999999999999997
4.857314073646958
5.0
5.000000000000001
4.2094880230711595
4.999999999999999
5.000000000000001
4.502368063324292
5.000000000000006
4.999999999999999
4.412465231226441
5.000000000000003
5.0
4.605625320311671
4.55425663316617
5.000000000000003
5.000000000000001
5.0
4.572002375655381
5.000000000000003
4.399368107571607
5.0
4.6507199987978645
4.817230993098983
4.786667983583817
5.000000000000003
4.999999999999999
5.000000000000003
5.0
5.0
5.000000000000001
4.999999999999999
5.000000000000002
4.999999999999999
4.607936928954961
4.444362892339502
4.76342961565945
4.682847841358167
4.999999999999999
4.735667136961802
4.999999999999999
4.554256984344714
4.999999999999999
4.413784332467457
5.000000000000002
4.477237657137372
4.819104316921576
4.999999999999998
4.999999999999997
5.0
4.676954591292716
4.625398841984295
4.999999999999999
4.804106590819082
5.000000000000002
4.554256633830331
5.0
4.759004565361995
4.478885770170973
5.000000000000002
4.7214739715781615
5.0
5.0
5.000000000000001
4.999999999999997
4.999999999999999
4.453315173831065
4.999999999999999
5.0
4.999999999999998
4.464933354385038
4.926828154161794
5.000000000000001
4.999999999999997
4.940083601699287
4.642624265982832
4.8189598623864525
4.8534318014918165
4.5760927797034485
4.805284451411654
4.999999999999998
4.583409796079027
4.898344688525983
4.413547109359552
4.999999999999998
4.1768312191258445
5.0
5.0
4.553822394996338
4.554242599249877
5.0
4.999999999999997
4.595498948547237
4.039429893126893
5.0
5.0
4.191318864666639
5.000000000000003
5.0
5.0
4.554256584802669
5.0
4.519264490912767
5.0
5.0
5.000000000000001
4.865689477220669
4.356889884758935
5.000000000000001
5.000000000000001
5.0
4.854934137530404
4.948555912236636
4.999999999999998
4.999999999999997
4.709417141221586
4.793713571347016
4.999999999999999
4.999999999999997
4.999999999999999
5.0
4.836534537726081
5.000000000000001
5.000000000000001
5.000000000000003
4.709995112220526
5.000000000000001
5.000000000000002
5.000000000000003
4.745000354038263
5.000000000000002
4.278937302750169
4.999999999999999
5.000000000000001
4.85790663467258
5.000000000000007
4.582221447600346
5.0
4.873329864606045
4.828997549940157
5.000000000000002
5.0
4.714895922152863
4.424216181843602
4.686829911093212
4.892565267813357
5.000000000000002
4.999999999999998
4.308370263301861
4.554257035870798
5.0
4.6226617676784105
4.999999999999998
4.442206095807679
5.000000000000003
5.0
4.610978654251572
5.0
4.278786000052145
4.717865244112236
5.000000000000002
5.000000000000003
4.437286023723915
4.831940966665894
5.000000000000003
4.803705798185119
4.8908164305115776
4.884139352269437
4.999999999999999
4.999999999999999
4.373660097910067
5.0
4.999999999999995
4.999999999999999
4.829365015949515
4.6063115933498695
4.869160733659865
5.0
4.999999999999999
4.11260737794705
4.686079217780966
4.999999999999999
4.735478051555086
4.870997299986969
4.81839424178797
4.836533057550846
4.831298682537011
4.826219598045495
4.999999999999999
5.0
4.999999999999999
5.000000000000001
4.999999999999999
5.0
4.800557945726381
4.6494990901401305
5.000000000000002
5.000000000000001
5.000000000000002
4.882462767952429
4.750114769849253
5.0
5.000000000000002
4.660831174944723
4.898856521658619
5.0
4.241333643357115
4.999999999999999
5.000000000000001
4.412446559599188
4.892533209132858
5.000000000000002
4.543147255894033
4.454620307361453
4.999999999999999
5.0
