3.6873028282843143
4.219157186568352
4.000136957496016
3.718366069619675
4.04675251176195
3.908187192805904
4.051323323779519
4.02910322486765
3.901223399106843
3.818827477189108
3.9828552675359976
3.716384829497121
3.987795479610981
3.869363127496179
4.0401090554779024
4.046637754818827
4.086680602979794
3.8190842105566163
4.025424278868014
3.73400626311062
4.236141962187715
4.219100930786694
4.046629359244684
3.790786445498122
4.179346727970158
3.888982733217014
4.136842475921216
3.784967905334768
3.9376129432368927
3.7692591330368446
3.6871903797038783
4.064989908261325
3.996366449295488
3.9268164694098195
4.0903824369908675
4.003834003933615
4.047180183104758
3.7245958160633386
3.7823670352912635
4.144929084012818
4.236141962190045
3.7548324730902336
3.7845585347560347
3.7560164582120232
3.7402333660959144
4.059180566339092
3.9053862693295223
3.746028561242086
4.004778877148768
3.9658535480178383
3.8196127324562084
4.0665679479734615
3.782800286796223
3.8838835613833687
3.764633016813085
4.089752580739273
4.535231114812673
3.7842446410920196
4.236155653847565
4.137596836141933
4.077237507812166
3.7143042270738533
3.717704346809747
4.1419121846709
4.047424526171584
3.9297192667157277
4.329212285039422
4.157966852904976
4.2392610100921
4.229365143225043
4.236141962185998
3.993645656729547
4.425283538892573
3.7822954351697273
3.901958532016484
4.0466282817380295
3.784451608952144
4.088332805768751
3.7735412422643093
3.7503082036962043
3.9650237421077397
3.746199417857398
3.635008107924879
4.059114546902207
3.6176266678456033
3.9809710002238656
3.7107032732841527
3.9031749675255774
3.8760160570291013
3.806033316840179
4.437393810465604
3.9301747256081527
3.9008939624976806
3.8906314363020953
4.236010683462708
3.7525938525743996
4.20533694024733
4.270614955817508
3.765059960129503
3.846329067720621
3.723804054807551
3.9311018717516863
3.7724430082142186
4.236141962272104
4.046626516316717
4.046626510759151
3.8054794831142584
3.930915582000624
3.7239067368410628
4.442838822344216
3.7680349026801134
4.221148767687901
3.7510451460940155
3.912249008687776
3.7560309181531166
3.953342802546853
3.662986886310813
3.9050866265156943
4.095237227678677
4.236141962192702
3.930810321402517
3.8974681947836647
4.310288252465454
3.7355500596929967
3.929777265994029
3.794284733695103
3.756283629518996
3.929708120680929
4.197181300582372
4.560306454468332
4.108701253570875
4.2191194585829965
3.738527185462235
4.061967625397277
3.940344133866929
4.046626510766654
3.8922576142292664
4.042201531267618
3.904367189975438
4.164991705316758
4.061968802557159
3.965456998714329
3.7502945508368772
4.070624161040832
3.823487738565691
3.838835776456204
4.1179888179291515
3.9566096042285044
4.093730812448848
3.865444287253766
4.0472010379268895
4.024505099244314
3.8383862511834126
3.930789116451036
3.722682353595159
3.7321765444303217
3.835664715953611
3.8628917331962276
3.7786079764229004
4.079910629532856
4.47361346803503
3.803364427843117
4.030785377180891
4.236141962186666
3.7521635513632976
3.8386483026091494
4.210597691587282
3.9550711466952304
3.7926067295327726
3.9662301543632412
4.236117454048789
3.867905266983837
3.7473346582228864
3.8833354791668664
4.130653532991582
3.782653008046427
4.051293026418743
3.930782033433227
3.753765620803287
3.937606968671746
3.7228087843569266
3.784458552093173
3.8054365425802033
3.722657904491283
3.9857486221875953
3.8490796035053934
4.0306825351051785
3.6743752154965406
4.236142014501991
3.7845780788282384
3.9302185998550145
3.8785153039900058
4.093015768409726
4.058376797581666
3.764634219452041
3.988979130967412
3.883093154832484
4.3588089831131045
3.9353229741537277
3.9006271636959773
3.9304136893816395
3.874264173534061
4.046626515484608
4.201301818288986
4.235947667905711
3.8628229566940844
3.7618066522155207
3.790063602583938
4.046626512451445
3.916051142308348
3.787524280631855
3.9030765848382933
4.106647984443544
4.426369007389462
4.057779863051309
4.4779164110506064
3.9060378262592397
3.9526934758257317
4.351497868149243
3.858791392144579
3.8269890848360077
4.108181529989375
4.019524733905475
4.21223654453699
3.8819549723114246
3.8098105583088024
4.2112322795700425
3.5774378423551445
3.7306961092895197
4.052175536715851
3.960431978296783
4.195049465025991
3.7508897651809363
3.847502783544939
4.468780194449107
4.236141962186032
4.095502227787491
4.050894774643128
3.985990791698506
4.012736354376198
4.046626510911541
4.1794824418420395
4.625000000000001
3.820382359706496
3.708614060035712
4.035983513175777
3.673164526715351
4.470843803867513
3.7284798090850244
3.8175981433522654
3.761498927926698
3.8208009777471403
4.10648866324009
4.073634560596649
3.7971379468525583
3.70809480896537
3.9279690006588477
4.472917190058507
3.930782090028885
3.766234651546809
4.023485484405136
4.286183961682043
3.962065984058789
4.194725677599244
3.7238040556883134
4.046626510753946
3.585596341992336
4.00232472570715
4.23614196219245
3.866134307012008
4.046561693559465
4.186933602871721
3.9165985953693085
3.8023952268843333
4.1338577193854045
3.797626583137858
4.111881368877874
3.821373334932675
3.9233330784758964
4.06125699951716
3.748111489891781
4.2361419621909775
3.8086078596932227
3.746919160922123
3.918251936872817
4.076491287773464
4.038383448349008
3.9340944569472893
3.851481021368577
3.928814651437875
3.7580020044687283
4.0482324026993455
3.6812477665162375
4.012270613491313
4.000549832342458
3.9985046084873153
3.765168120559388
3.866529796790096
3.713448258629328
3.841324043409161
3.723516163875559
4.29904935017452
4.050100092828928
4.046626510937179
3.919358525847676
4.046622679150563
3.94000064994738
3.909735728687544
3.836948846496533
4.036767829247016
3.6807738067730167
3.8047147380548587
4.080806526350062
3.859809010323923
3.7339315553321315
3.726622267684113
4.070721866506818
3.930797230429607
3.8943238767885338
3.9501595633703204
3.8363367642302357
4.236141962479884
4.046626510755999
4.1211587433439485
4.006168280568241
4.119537934299585
3.7341666238374067
4.226907673660338
3.7695431402893598
4.06078058033066
3.8356008834471362
4.222869795000312
3.82390153476248
3.8002562152441732
3.748605748422755
4.528387499126672
3.7403690005896872
3.936513404186028
4.210130498794429
4.014766530765631
4.212561495772263
3.8889951154168014
3.8625132969532783
4.35591748076443
3.750074278343535
4.041535155321151
3.664215446784371
4.058793168304506
4.033499431681553
3.776743225066109
4.224901446124584
4.028703714777233
4.046932383491724
3.6667736482150888
4.068551315638571
4.044737851976967
3.7727836009399787
4.156503737157208
3.8919356234010976
4.3315878912675405
4.01948975932072
4.236141962185994
4.310300462937125
4.03111124155948
3.8327358473561297
4.016000534388103
3.764382354255577
4.108068513136768
4.272358200179323
3.601037722839273
3.7870319296671076
3.9007645304755623
4.053687083909111
4.046626510763248
3.7701349924291088
3.981866660119329
4.0555832806241385
3.7907197470062077
3.991960342588843
3.899761408977923
4.05866098429507
3.8914244567592022
4.112465970378912
3.7646316858469424
4.0168137916348465
4.048772960190145
3.7597084998574
3.7624814386379835
4.07824750933467
3.6644356420142175
4.239562386951433
3.7931346204597576
4.044673202068185
3.804751051904463
4.014041499052926
4.146598469668331
4.307572385821127
3.901176366551349
3.8345807918771175
4.519281322695981
4.018986079578825
4.528407392424802
3.7617804600942994
3.854247409059678
3.889515456379077
3.9444557035410814
4.058532311296063
3.764839199320841
3.950297566343075
3.997229814549655
3.7860522383653326
3.7684622886472066
4.131707906226259
3.9351200003055955
4.06181369444131
4.073421985222505
3.9989844364497658
3.860813896578754
4.118614561842346
3.8359590287852425
4.0471028843376775
4.16281803944773
3.724284742921569
4.030605752612789
3.924848432885297
4.147843573646783
4.2009898633318254
3.876294912179608
3.996130456624313
3.782713356722158
4.127789107237956
3.7963359696824637
3.6875966336925066
3.717724333440034
3.801923604018939
4.462906937253765
4.482861648892728
4.1585879796479635
4.100885865633389
3.9287958690494555
3.894563254305632
3.7148351089657785
4.470017987141492
4.045577606398269
4.236141962186099
4.061645434849028
3.9252797349437163
4.066940067608897
3.875696334859509
4.052762913341534
3.830948376013744
4.236283548809593
3.7452338987142504
3.900907718101187
4.062626411867175
3.7848610853860216
3.92303963811835
3.780549013927408
3.93137406583981
3.8380681401034638
3.672280924564192
4.045276439778814
4.071026269656615
3.9303136043765523
3.767583369651453
3.9356660884863444
3.7639085124193605
4.468779542620083
3.8675384951542777
3.791948092047486
3.7912454865835064
4.0479112382225555
3.9047029137740448
3.945261572837036
3.8046661143091347
4.02464514595673
3.929037757826679
3.871110174535507
3.9946473270745386
4.023839882084867
3.7307797105038345
4.0466265107572355
4.2191009310277785
3.904947081182159
4.197543418101698
4.246394542061134
4.079083607505789
3.8730773499731006
3.9886038711832996
4.051461257048853
3.766779657722511
4.135019654870494
3.9307820282982346
3.936619394444033
4.124015780938722
4.002438233498579
3.931306710809722
4.0001066612920155
4.065431349388747
4.468783509073849
4.047285360998032
4.059872482025259
3.844950693462836
3.7402248428234666
4.528386416943356
3.8639723500556924
3.768978714032386
3.7661006307505676
3.674531251114555
3.9741044609591647
3.8502430717471117
3.778895621059252
4.236141962185999
4.034038748942263
4.2069692635251466
3.837710043980792
4.147349839834786
3.7005371844253503
4.074985046891133
3.863668821381163
3.8924125267941445
3.7571083455012384
4.038084838735321
4.017102188852769
4.203886038402557
4.4937468018484354
3.8277444079916054
3.9772042343244283
3.93464971167809
4.624999999999999
3.9972287254583145
3.744631282316933
3.742404237504793
3.723390792856358
3.813924748492765
3.8794582142599587
4.236141962186052
4.0840601482448955
3.782749108715516
4.087234923455191
4.047531810986112
4.102300678223229
4.046627612173586
4.0620166664028
3.7226306102643765
3.8913695313858576
4.050935974767227
3.784553095149445
3.8276162894489136
3.5695899349513436
3.9985078455766154
3.9331038745372986
4.0619676193533785
4.0469819618084735
3.725871301573727
3.7763558352588573
3.7313072588905634
3.8042789005943627
3.767910885222226
4.046626510759252
4.573435356724837
3.6150673356096883
4.236141962185994
4.236141962216398
4.236141962186179
4.020154209286198
3.930424190442518
3.7502969329900138
3.9305436075752946
3.7840685147734527
3.7771347515194384
4.2361419633216615
4.037836866241549
3.7789212718533287
4.166881300214877
3.7198571319181606
4.080417742319977
4.238397520619681
3.650467559005089
4.050600064686126
3.8583484199134745
3.7550322531328493
4.0528974098325685
4.3707367956872565
4.046628208381325
4.236141962186591
3.727758972689305
4.281722859985263
3.7179099952147436
3.677232675084185
3.831862873504678
3.7746963003472658
4.12424062230456
3.921615652085885
3.7277436821563485
3.750727537590115
3.8503075511356357
4.389648629622078
3.7253327862773964
4.152360993241086
3.9498109414085754
4.228838811571124
3.971785166462871
3.8707250004737666
3.7462909899370884
3.9305880092732037
3.9314123914976187
3.7668655013681045
3.8396573296675296
4.202850644202537
4.042257061514927
3.626468689682693
4.426550125273913
4.0235236311190645
3.732157409287067
4.046626510802333
3.9110361651261627
4.046626510754909
3.8356076961999706
4.235947929873769
3.7505305864044485
4.178732707798724
3.6676645574458115
3.7231488867148843
4.062019770858108
3.751340141290524
3.784861698822143
3.770454904897896
4.174982925082003
3.8025964332006374
4.386957077650336
4.193043271030693
4.058347168597005
4.206709179153252
4.046559184974267
3.767257205021088
3.9307828655226253
3.9822506584662474
3.7381534265809644
4.2367237371175515
4.468493626166144
3.725376457284559
3.9531801098791997
3.7949142117457617
4.446285599963679
3.7822975291665535
3.761431958785165
3.734534358787349
3.7530287207201045
3.5871327154104726
4.236141962186782
4.05172167129422
3.7683379015345375
3.7426114071204015
4.0357041715100115
4.066028114420603
3.9715112435129494
4.046626548777166
3.7844434691540902
4.005206208947623
3.958903584478402
3.717967309934196
3.985786652873627
4.008645994022308
3.782335633751663
4.164118750805526
3.9401616881236308
3.751740328630323
4.046626510766555
3.733612088375405
3.9182775224142694
3.739748402785617
3.9232111675695824
4.174767617388961
3.7238040550191607
3.7510627466030946
4.058943818195011
3.874297803204031
4.0061445089278935
4.178612736432904
4.054518111220968
4.004947648274173
4.431542221729779
3.901428780736345
3.9320391720106342
3.750925472091383
4.236141962192113
3.7927708997099145
3.806696895054198
3.9307820913818516
3.7625127401382787
3.763777348925996
3.8539229551648693
3.78972062135108
3.8886091444299318
4.42503481620335
4.016471185907093
3.8585319175864954
3.722799113149731
3.7319966150551225
4.255031434885931
3.750924752686716
3.773738688539667
4.235949837713577
4.205301402084302
4.077030568478287
4.2291510002229264
4.041104695445728
3.7686447572253416
4.107686958890252
4.535907293117984
4.087731510826464
4.059543155130261
3.9025747111128486
4.120405090419178
4.236141962185991
4.5725844058566105
4.421150310835281
3.8618049617887076
4.236141962186034
4.046345163538956
3.930782326593798
3.7844557698048766
3.888966459939452
4.096010029490197
3.9302481329265886
4.138420639929499
4.038079683547373
3.887666135941268
3.770044980064727
4.126251859461424
3.802942775547897
3.8625596773236586
3.634434974770755
3.7412680226428385
4.046626586994024
3.795399744625818
4.06891385134262
4.59571437515853
3.7698573680316527
4.023348435752137
3.832357118288002
4.227318554164245
3.7502802062925142
3.9985160269902105
3.7503297989373783
3.774364997683676
3.9532760777728346
3.8772674219395022
3.903832468584458
3.9433109253652328
3.724525218913669
3.9306575681991385
3.8112334660261107
3.9114556107645457
3.7914268811472795
4.0454702789385655
4.289564393101929
4.2361419645418446
4.2361419621861325
4.058352665172341
3.763941275326568
4.0331469531835245
3.7091007697767053
4.436834164383907
3.930279150436972
4.236141988594773
3.709183661701825
3.900629912174679
3.8365702661186174
3.680716036643638
4.046628138987965
4.157306894331817
4.046626511719914
3.8167208995679536
3.8310977283545253
4.380407769106917
3.975778159208189
4.034496059541113
3.7846105379986934
4.428756677924501
3.991737644461042
3.9322539456567043
3.843944130515296
3.978760958491075
3.815806595502615
4.061154962167359
4.025816406067047
3.7786174725318467
4.058168210338339
4.131616107860689
3.734684293389606
4.125028034067408
4.021243755971451
3.8501079482111114
3.772620044610439
4.0845487385489205
3.8847866562684303
3.724251126134167
3.976645227388988
3.7727830430340794
4.029687534114485
3.8856610678930465
3.932912130829688
4.077915817232485
4.046640226023016
3.9908227008698995
3.790279998215074
3.9960189366738517
3.930926489355226
3.9008630881565067
4.0221549460383095
3.7309185845477963
3.783080624448623
3.7520535290337604
3.7464825625179516
3.766730173490376
3.7552436442057693
3.819314691206074
3.930787869315801
3.912945724391848
3.755413357273485
3.9484066538295344
3.7251521867860213
4.03327820636062
4.2242764799174495
3.846889592343344
3.748999130140153
4.257240276526073
3.7687045761866718
3.854384726914195
3.8704071819463413
4.047065191910768
4.080652157442733
4.077208191576673
4.047695719473794
3.9406186984358387
3.830088235217184
4.041766345117968
3.9781587222800026
3.9011751027189736
3.7681079841776777
4.2361419627501595
3.817467224468408
3.7596805312681028
3.7559334774055975
3.7700580856995414
4.5707017933200405
4.020475437056035
3.713742749083922
3.787119590459293
3.9742510444200714
4.289085864866668
3.9091201941452205
4.2361419621869265
4.060053481265189
4.046738967908188
4.236141962187641
4.069529135753592
3.9294602403482424
4.1704928111705915
4.00098303851885
4.174138434571983
3.8649321460583392
3.7511031974159943
3.9284324743797705
3.890611664433333
3.8443992945093943
4.051848397398717
4.246884004053723
4.046626510760847
4.059711888566153
3.884123943463076
3.653417849442683
3.750433847377604
4.377673099107312
3.7779119913974575
4.292080699832191
3.9049184780216004
4.13972094634235
4.407565325121464
3.758341216132599
4.0582734156828995
4.090690366771315
3.8373108748635403
3.7723730341649917
4.2361419621864975
3.7928293088804197
3.951769875722605
4.511086787843783
3.7184312024920185
3.723804057885948
4.236141962185989
4.0591253593282675
3.803850973759
3.722483544089403
4.186955784810646
3.7652878802012206
3.929001656181468
3.8215235618264423
3.8120371797938204
4.179364250494484
3.7863910072719063
4.236142389601439
3.864380793942181
4.154237836404528
4.0897003788006785
4.0466265107856945
3.92856304690849
3.8088654887093494
3.9287814355159334
4.1743782895317585
3.8719358798242465
3.93646844042054
3.724306524590629
3.7795629595781985
3.8570284261780534
4.061967619376701
4.01033074669966
3.8919911928819904
4.046626695399593
4.238383976808599
4.021311597047599
4.236141965123677
4.236141962186794
3.68810655502062
3.9080926156144384
4.232636015960772
3.806106809713979
3.7506196224532427
3.978656834500078
4.0466265109896336
4.236141962195888
3.752925552030959
3.9056751148077224
3.9776165217268082
3.773231901673423
4.046884103218261
3.838539211537809
4.41987912571357
4.047020321716162
4.048494039603293
3.996716271054807
4.432215927969145
3.9123016947938
4.385765465740907
3.870319117099695
3.719022501639489
3.7852678676453144
3.961202106827522
3.880436076912529
4.076421260813813
4.215049587718821
4.23614196218817
4.046626510774117
4.33867740852141
3.8667897488182223
3.897136550052091
4.038981840419996
3.90397308227586
3.9758252630401234
3.6158238059124908
4.123447321645498
4.299406174033056
3.9853355775477
4.468779476555707
3.763794957159174
4.184583685065613
3.970871394528087
4.052092493661183
3.904146622584443
4.1390212032571005
4.013594733670761
3.9289057675776653
4.203948009253066
4.2773258163177195
3.7956691862481944
3.9311024793320124
3.784389497962984
3.8155523902185693
3.750265183628899
3.9081781548323598
3.930140687240701
3.9008069994762007
3.8250480331810937
4.270592543727228
3.861524276546376
3.9307843816440133
3.8423039060066593
4.154128538352033
4.185814963426232
3.9163369883872607
3.9416966120591157
3.8981866580844984
3.9650608460204846
3.673740057806502
4.046626511031677
3.8006718713072343
3.7227079587442415
3.750735141577328
