0.5030835851760644
0.5176827420901877
0.34417122808633577
0.4884400148379435
0.10502902382477794
0.26039841801435126
0.5695421506580081
0.5066999751556004
0.0012731979490498225
0.25000000000000006
0.26201373980601367
0.018207201112426435
0.33069270551190755
0.228751381355758
0.30648495493173533
0.5354594440518289
0.30579167300694754
0.049317742461096124
6.097329705861077e-06
0.37356001249831894
0.3809374974172745
0.7158871968563082
0.45630924328714684
0.2651852208038767
0.7471965376358876
0.6268346797714983
0.7629665509257432
2.6575030446324362e-08
0.2083912759223807
3.244952862487872e-05
0.5548396916373836
0.5030281963567713
1.5424105911829113e-07
0.45435894768498475
0.25469965913481335
0.6213276497454754
0.5061687563543217
0.25000181860212956
0.40881648643148616
0.4274173155450553
0.1408553513004433
0.7627768375618735
0.0441860808664371
0.2696338443665611
0.5512825203754981
0.49132608238973163
0.37883812388206295
0.2270606235470048
0.4807629419402683
0.4432321034694683
0.17652106538363277
0.5897971161368796
0.3910537931592638
0.08946696769695778
0.034413513108823186
0.6531437128855788
0.2376300294861945
0.5041583507362233
0.533926584079397
1.2439798025207718e-05
0.022200677618565343
0.6316705697404181
0.11676600535517871
0.6500008666308512
0.03724091344356401
0.5433967201904115
0.45462742084933416
0.5689808274419632
0.2446255472885696
5.880831646857e-05
0.08787887360491936
1.88921597717712e-13
2.108696955555472e-06
0.026306668225361533
0.5130568936422919
0.20261589543624475
0.49423248589282565
0.43859461166735064
0.5237176291030469
0.5793232222492387
0.6638964957908056
0.5000117565532958
0.21896153960923517
0.565582580976049
0.5295396102360392
0.5378489967158238
0.5060465489982677
0.21817249006429862
0.31464755415155776
0.25000000000000006
0.5349546918078931
0.6697337417056022
0.36784662144529534
0.3678000138313484
0.37763172390144484
0.23327663156034031
0.5401373509052426
0.5314421666896954
2.2527857745047364e-10
0.19640413662028
0.4878124068158644
0.5945140598642846
0.05379233710326577
0.3487572612836708
0.5039821472721007
0.5546274743164354
1.2979692755056626e-13
0.8184516602242636
0.07827308770538402
0.05124820257654557
0.26366696955908375
0.03590839265714321
0.5050301179806607
0.24999999999999994
0.5488737761385583
0.5029825874525553
0.39377348500151954
0.5904772434486716
0.4222571435356924
0.6107187546462023
3.3502589065066395e-08
0.7915790130288092
0.5030282216765466
0.44460872593383505
0.5660294550674208
9.501386009059778e-07
0.5449796147671282
0.4883076295055895
0.0818281230049751
0.5211274955265506
0.02250872874158023
0.7350879917347304
0.42400691158203274
0.07358880888374947
0.3819631433592906
0.24561142343921585
0.5916527396537368
0.4132830425254961
0.48720751346796765
0.5853611640853802
0.12427002847760603
0.43458677128279466
0.7600034931553323
0.36839558757749036
0.6350213436962855
0.32613607616867357
0.7876141968041855
0.004046704007593278
0.2891151143014207
0.29905692114729593
0.16189454248882962
0.6996848567548802
0.49999361431280726
0.4016793069875596
0.3776714049632774
0.6226233192256425
0.47703266176727
0.0241433965860851
0.7853990248913028
0.3439109134233484
9.276142827510696e-13
0.24999999999999994
0.5048620402575275
0.1442197294188193
0.20482791139304285
0.21778022077965634
0.07611436094643306
0.4989935992190434
0.4700272975587848
0.2706373718102826
0.09179320822295345
0.20549367260708246
0.4055221326953304
0.5765283592277936
0.15330758633783334
0.5788714029142357
0.5163067978076741
0.5852901595186395
0.2701821666591141
0.5817045893537831
0.18550498055530135
0.8032375804288197
0.5185800185785723
0.4296677587053603
0.6327527868434812
0.532140004215782
0.014239565985886993
0.37012092719537326
1.667501909341413e-12
0.6125202032077615
0.4661437360021772
0.020416719514359666
0.3911238915272204
0.5776174614945206
0.3236027471411076
0.40775901545364845
0.6201996109536965
0.6645434875592671
0.011988228422140354
5.125636050124304e-06
0.03483586265279157
0.45242643406199634
0.35392848897294343
0.24386425847820153
0.10139330077171242
0.20017037648055333
0.43209960228446676
0.18577305221744722
0.7780360698002795
0.11829851866896986
0.49439963715808544
0.47566283820946564
0.49982580667584864
0.43800273545425417
0.2165932615999727
0.39398061033597104
0.1935003505435387
0.40995352821691666
0.2370525924176464
0.14215813122402227
6.436493611270735e-07
0.1851912292197241
0.6288751427100493
0.5139077186364847
0.1736541915204145
0.20938409519239726
0.11875159450754713
0.36686847610767515
0.25796264923748574
0.43108180895504145
0.46306049883107014
3.606705258127954e-11
0.0412928296232402
0.4230241315313801
0.21712276407195613
0.3530165115873
0.6247135030628195
0.5030282304939605
0.05426444559764157
0.397752858339008
0.5343128836136871
0.6651582258169393
0.34699054356973114
0.4539624798902366
0.5360323985476526
0.2894302112158463
0.3333339572474271
0.4859258934174613
0.15465233087998478
0.5900427429336829
0.7190418775817302
0.23167731253551183
0.1073804539978768
0.12943824674969592
3.393537180554117e-08
0.5000101121665519
0.4764145912264901
0.040619866963342056
0.23624655685307128
0.2826564701711889
0.2449228556301381
0.3302271773244057
0.18070175565968521
0.14179895737323736
0.5397664993111222
0.1754968599607391
0.3997576701122868
0.6383614526865492
0.4873283480703231
0.6370002091094669
0.21174794673367023
0.10795212045423123
0.5312174345765435
0.5874334397698198
0.008627068600620184
0.6019297486058897
0.5040121650601372
0.5022256914032459
0.6557555279581158
0.2156721700124067
0.2130289284511227
0.6346776710872192
0.20038839647698142
0.4287987271751684
0.48634498757773104
0.26773278891276836
0.2499999999999999
0.3175225903617811
0.5079910853808289
0.1906427702138573
0.23286613357651964
0.2794466133262724
0.5079626553286283
0.21227991521999245
0.000134320651286007
0.5893633925401144
0.5563339458403628
0.7406524669735198
0.03646196967783211
0.613977473378469
0.045937582498025584
0.49028396931746593
0.055935921165973936
0.26365315796190747
0.22335227006172928
0.003885962011072212
0.4450540976808658
0.6068124836148279
0.320498176903131
0.0007773561780867497
0.5464469428035492
0.7452947423024604
0.03613363464937353
0.5364088705147327
0.5078800921210831
0.002214418369700439
0.2185036206905756
1.9508649582070296e-06
0.13719461952853806
0.39737064054025456
0.48743706724963964
0.5030282018784207
0.036459498083086656
0.5935110699555137
0.3056084999120056
0.27082606699807704
0.5052902415640723
0.5164406014047399
0.30822146501327075
0.3932217882383851
0.5433005023299329
0.21061296086364523
0.3713802582924913
3.258429012490305e-14
0.7300585270887929
0.2154692103788671
0.36334428375858896
0.5757633900901438
0.5564283331887244
0.5953702203568894
0.16527654250215418
0.7645305233152095
0.43007024834153185
0.2641634217765909
0.2657089418222618
0.333274357007585
0.21930748552013654
0.5578261453688589
0.6353314846841792
0.7502014540876168
0.4294592965292445
0.2708548773985266
0.6159873798001798
0.3044543904882755
0.46475168701275327
0.49432422276403876
0.5000116762438036
0.15933693564614915
0.5319700801928832
0.6311955840879904
0.24999999999999994
0.2111694689413245
3.07701035623834e-08
0.2690881847632485
0.3266059886349091
0.5089163316943661
0.744155426518555
0.00015173226464380946
0.5030282256516805
0.5397684758981962
0.25423754829138484
0.2556853614860356
0.5093218854074453
0.19961711780470986
0.5567498663195767
0.5053295438291884
0.35121611281525333
0.5030282180962811
0.7693971423596477
0.5000118102071949
0.21576302194939706
0.4803496716818353
0.3561800007969722
0.4345557686192151
0.30600859695286214
0.5465878191865209
2.3580796993459516e-06
0.5178457805814537
0.3316720332179045
0.18493977718490917
0.502047443403925
0.07449835455401871
0.6506920376245268
0.2192257766649663
0.035405134003755015
0.4236486658405219
0.4902146021531695
0.5385494271798099
3.3764028471782656e-07
0.5883562997949958
0.63567934166967
0.7695122672093894
0.24498312839485384
0.5764221243891499
0.3286008782619722
0.5030282234523425
0.3602116173245334
0.5017345488885125
0.6244565351800612
0.3364170334494674
0.36947039837793705
1.2783338718735148e-11
0.032947825085689414
0.550757470517985
0.5030282174734717
0.5846747534270396
0.0209260225530698
0.10869834382925192
0.73162875111153
0.22953455626860308
1.5609601326136045e-07
0.4183276004148654
0.531841825056454
0.18045391368528668
0.2792751436821628
0.6693666518909418
0.297391706978907
0.0578203537210711
0.40273380839000184
0.005398669769721627
0.3485661269057966
0.5571116708959514
0.3764211075018454
2.3456403829543448e-15
0.08226307137264632
0.03432620299301782
0.4683873497742036
0.08954505154974404
0.63659111303324
0.16883136541521487
0.5610947657844427
0.17194124646077302
0.20455141404478416
0.0012467514944408268
4.4052461067312986e-10
0.6364040994550024
1.438285642055064e-17
0.4533717093703712
0.20596810478325642
0.4683283358857073
0.5863419017004179
0.033819690974015694
0.20179066695833026
0.18087547943317284
0.014281960580899962
0.39968786072522544
0.2531257989280138
0.5000123577065009
0.5349922364648986
0.19395704407500486
0.48435851275674013
0.4469590702765694
0.5235284160174255
0.17276497419128936
0.20670849706651112
0.4937535989703469
0.2522160564976522
0.5480408117053539
0.5222448424559052
0.2994409134573304
3.8789792021227095e-12
0.6530576989642678
0.6270510096921343
0.4841035613497065
0.24033323520627126
0.027410241082139394
0.6518431773421371
0.3899263456378952
0.5315164297666519
0.08035762252679986
0.29194415508205174
0.5030281594345929
0.5191183821003902
6.891233352970582e-13
0.3946448806462969
0.48616683792403925
0.008164033740313017
0.03743940090264074
0.3642009083730811
0.3847935230363012
0.5030282258325098
0.4148439424665157
0.5000117903257517
0.24999999999999994
0.22071835185949076
0.5488440865011683
0.7013196094487912
5.10287316795626e-06
0.4393491945850681
0.5502192264142454
0.4412875309276988
0.6158948430564125
0.3965583743869897
0.7115158175557599
0.4740126360576352
0.0005131910815338878
0.5597476521390081
0.7485684132161254
0.11386954053991032
0.4194061263255914
0.4540325951667107
0.5845101185610385
0.060489597583346835
0.49184021182783155
0.5733094455903551
0.5484344802409025
0.40400968481656707
0.4475250152720855
0.22826021642306787
0.2431797831965919
0.22002897374221114
0.2542628250186122
0.25797136307185836
0.016888374535698723
0.3769542216037314
4.414558595621345e-11
0.5258214352936954
0.392941239141522
0.1801127771569206
0.5144497318251366
0.07286806661665181
0.5737090782054248
0.6074195073169117
0.5789905464171019
0.5235314413275829
0.7156773071778841
0.49875565181287895
0.674672064874061
0.49421487538362463
4.79537548497044e-09
0.03646259787574174
0.54885993747818
0.3598485152030988
0.287990804087619
0.5213369660478995
0.15840849884972488
0.7258164141825287
0.6543720277105285
0.5365007318591315
0.5000117952249956
0.5133555215785637
0.001379590372572743
0.5000118934466029
0.5030282215819717
0.1413499394783689
0.575193245263512
0.555654044231805
0.31451253321551187
0.507803016093491
0.36563877978132775
0.5789015413181794
0.5030282266475776
0.46972342594804944
0.7651090004715666
0.6415904507404249
0.5976202787927839
0.42484343929862467
0.6489947116662059
0.5778981254164391
0.3095165623976029
0.0030321431670109
0.49197901968460866
0.4455558232265371
0.005903060874023014
0.2475035403282685
0.024797539117118766
0.31870384683587905
0.1520019472354382
0.4906656055843998
0.6604291956971904
0.28935656276751154
0.003138136997257227
0.5178913598713584
0.555475813562415
0.11925530064121262
0.44186811536024456
0.2762834415500284
1.5525725285882244e-15
0.6554051520277064
0.00845919007063095
0.62477306987901
0.6277785945780956
0.21867307659264923
0.50024001736634
0.4531460218894593
0.5097147003972395
0.3503087684751557
0.526805283261497
0.569164757244268
0.28977037936315436
0.3114792056831028
0.22023066513379597
0.6008962332246374
1.2431825702414789e-11
0.3171440737651269
0.5760622297597227
0.614628687385965
0.5612794567525113
0.08025697372158752
0.18826814463610062
0.3114432690023744
0.1700551825105618
0.5221591581153076
0.47743962108212945
0.20619086920032373
0.16940135846600252
0.07002059128037502
0.09828318962469107
0.1904518227193422
0.2027849525577023
0.04291999225345383
0.5517794838126324
0.16846967129301393
0.5030283759344887
0.3219682463621558
1.1375294474051457e-15
0.5000118378472251
0.6025227522704585
1.2979611179196157e-11
0.43017397771223775
0.6391340199787939
0.5833511605142114
0.07139019085386546
0.01796184932559381
1.0428472429189391e-08
0.5000117569141711
0.6813578681453848
0.275240273777024
0.09247730144288464
0.5312607546439247
0.24058695945256411
0.32547245063806507
0.6826588491141177
0.49529137051078875
5.292117718554623e-13
0.0005804723221436626
1.5425572316346775e-05
0.6288206593902989
0.23211320724245948
0.38128354676333814
0.33417290516276765
0.5530093367472172
0.5354817339430622
0.44939254337986234
0.47534693099931835
0.5000118880759401
0.019248886749253236
0.0421876324500418
0.5433359253506065
0.10467580179378663
0.3411749804047098
0.4937769898688947
0.09389623710514164
0.2819046181933312
0.5744417241014464
0.3080385676087446
0.2499999999999999
0.44614438262822886
0.690900696781765
0.4514875726801528
0.24918645327969446
0.4727882779663054
0.5363553709779545
0.6049976127272718
0.3535331242193585
0.55029686472884
0.1534563539026072
0.547063043744781
0.5000117822901395
2.1925115708579013e-08
0.2605078681206322
0.2500000000000001
0.3961314396163571
0.39277168712357463
0.5601219978276328
0.4256523093092883
0.5020931552708499
0.2500000000000001
0.5656155197141903
0.5383326926976962
0.6876897132300706
0.480179232088936
0.5504461427912213
0.731625206389928
0.3024220717475925
0.10979916873963808
0.5273620423433691
0.39991849482098063
0.1596129761783207
0.24809052336899584
1.1813443782461485e-06
0.6210080967927972
0.5216644369676833
0.5616106042392639
0.15750918774347666
0.5219786609426829
0.07845823366245863
0.5063557780506271
0.5347716866401429
0.027036355721676064
0.19627981509258796
0.40035909662860597
0.19576679722712828
0.2971051308434338
0.2135382215444093
0.463571666906479
0.5935129850600414
4.750361060455823e-10
0.23284337341978928
0.45228601373552124
0.4151149664955829
0.5000118523128099
0.3656431250143197
0.30676757391983833
0.3906977492763367
0.7306079073560277
0.5338522816275646
0.28972356423102796
0.5597449205347684
0.45085750143975534
0.529149808272853
0.12737222679001314
0.27746898127603614
0.35826874266639963
0.47421827512041015
0.5000118215782765
0.5858628202607967
0.09783563962479391
0.5939534789940364
0.23030785283778682
0.3050151413029831
0.3815134105700647
0.5000117904532768
0.580634579896703
1.880152075526432e-05
0.24566138031752893
0.2156218683321247
1.6536625412031432e-14
0.5096890887637425
0.10507148186594513
0.6314220428571821
0.18054973238973482
0.5486740362814038
0.34045091445230347
0.33307356562521395
0.5030282302799325
0.5829492885966604
0.6269532064662986
0.36693145241536734
0.1523587847276925
0.543037416678211
0.30907286371901926
0.6691812950277556
0.2173557676249306
0.18094491466059576
0.37754237121735046
0.19849346195197703
0.543980677290426
0.542549935836157
0.2939039944932191
0.5430771918705362
0.6222739265359856
0.3619217711316924
0.489892735272928
0.4240387742798587
0.0361309803446582
0.623760858088044
0.3595557336248727
0.18437128176083703
0.5838203889261755
0.578310998264641
0.4491687049994757
0.22169276310018537
0.042585627060838196
0.3496628184863093
0.4537455108057748
0.5778490564117709
0.2510654274949058
0.3429293630846081
3.5639696151962086e-14
0.6155634213016287
0.4646464855713609
0.5540960802322965
0.3002774720935927
0.24834089231465697
0.5070755253541486
0.503028308601043
0.2178725452650253
0.5743935736092812
0.8386962113528038
0.7679111871117267
0.6402388246547925
0.5568664390020984
0.6068718893910254
0.5935109952726891
0.652261455257428
0.5038664179309555
0.30001314562442094
0.2997161450105186
0.015512608967411735
0.03250605246990401
0.33450353210924744
0.17483046813099448
0.5433746690050484
0.2299068736311981
0.035689243712639686
0.528377923476063
0.2602727147350014
0.5047092395027215
0.007263354694214711
0.08470350803857364
0.08055095096325816
0.5433887228271685
0.16614642306802183
0.5033061514168577
0.3218132195815373
9.495252102755734e-05
0.05666136681505426
0.7118053164060624
0.4293549082655176
0.6332577276514286
0.23091014747854138
0.39026502430156007
0.6222762393079139
0.08408855610439442
0.45402488755365944
0.4725866681294342
0.541531743565038
0.6234979825489724
0.482018157582445
0.3194404941078727
0.2778729896938785
0.6359010403427894
0.5289332291384505
0.6121655834226292
0.4537954140373526
0.19954419602891438
3.9907717378137616e-05
0.7667684476295488
0.6174335217947358
0.6828914338673666
0.5898632749264251
0.5556783411391917
0.1421462621280971
0.49562993287491586
0.5727974060022547
0.22388392339833732
0.44854339043554037
0.46239221546053944
0.4660359400422114
0.5538507308820646
0.5935112188117316
0.5828157302230166
0.5463324588596861
0.3554490638189849
0.5082930822472773
0.5001724119225787
0.5226116500195642
0.504816915984225
0.11068389324115235
0.5250186929699701
1.8270398153735933e-09
0.23565370264246802
0.5527763463723212
0.013703160853042804
0.5793463023877488
0.14609915252922567
2.098050346562211e-06
0.6222739511305602
0.3665953340000502
0.5893497944319408
0.5054214805023641
0.4304177195889354
0.4918238805696024
0.23032323743811636
0.4127578772657983
0.41236607444922724
0.39828194285074714
0.6986201983666007
0.1006169347809852
0.16276348289452985
0.12405091160053064
0.17367005822783999
0.3541644780872161
0.06550147530269637
0.47300864199836007
0.4453308186494863
0.20861873537222014
0.20368821358123052
0.14688021436411386
0.6543758717970188
2.8333871160741974e-08
0.5359772819489359
0.037004182344422924
0.549905863940148
0.1564908656565397
0.5209875103675505
0.5596923483198195
0.20848047906682124
3.0639864944963057e-14
0.4292603787168878
0.5058436773697612
0.5551199027977767
0.23055705244252478
0.15397079517005025
0.3445522486720216
0.5886343222792706
0.42775342842496156
0.4885432759662661
0.21844699661536363
0.4800786068598616
0.24278932387797536
0.5013028480315656
0.41437744651242076
0.6219610976328257
0.4739307830035342
0.6022644094619968
0.025119334019388664
0.25277175468589635
0.500011834699364
2.526085063944815e-07
0.06172426589069488
0.08581830746890934
0.5560694563070129
0.6332354112833539
0.18543063768608797
0.2087818862598272
0.3621260913679234
0.4295987356349643
0.6349062279497836
0.3274933896085624
0.39844038097088574
0.2394090400426912
0.4507730598177435
0.6184189437739807
0.3622358816913269
0.11154807675709152
0.22953275526857347
0.40507781261726605
0.25807574341380674
1.6133550470585255e-05
0.7981727436276549
0.5377201694499762
0.5364808926400866
0.45446113030866675
0.1666094423259184
0.527471636648525
0.2888560687952303
0.44333664954919916
0.2272466836942932
0.05420365320192268
0.022854065681609914
0.5106065008595081
0.3665971253913589
0.5029501026931662
0.48696636359951495
0.36127084234968293
0.16751149194716897
0.16994892468068223
0.3647524679795334
0.6531896508282906
1.0238955842636031e-05
0.24590419658529855
0.5053162279917215
0.32574969546789145
0.6186248960831322
0.6343813140472072
0.318968378427345
0.004838228574788224
0.5006820435372287
0.5573349331446997
0.2499999999999998
0.5034474440616439
0.5664550180391587
0.6458880919044528
0.5789667224508764
0.5000117250399202
0.5331694242094784
0.5349988596559163
0.34246477382564455
0.6277618425959028
0.5619664041600879
0.6281037067001614
0.395866671811819
0.2959947358901349
0.13842960447285863
0.20289167357003945
0.6158198112131523
0.7708814832374787
0.6229948150328184
