0.4921458814275523
0.6239359452018415
0.7084168110842155
0.9226638442139063
0.45843766100375094
0.4887566714153959
0.3501636675860082
0.32875788865955735
0.25216349202915034
0.31639122115997914
0.61299020598621
0.7271682521440623
0.390584865157348
0.9847374622588706
0.8165837930826779
0.280030246830277
0.4736942279710445
0.7428282754562617
0.4368175359413059
0.802107049107787
0.2791438861074742
0.4740445876717137
0.38022173409569704
0.7515148631105655
0.26096149944194014
0.965450145405262
0.6972319901337726
0.57845180403751
0.4212288327178712
0.4397074764135709
0.47846140459175235
0.6779875117549278
0.34729015374508787
0.3968034966667069
0.8849259554904574
0.3641677584619065
0.5875091817700986
0.5885855468837625
0.3391019582257857
0.7140369661335655
0.3228477559534722
0.6137128371860899
0.8242923192363586
0.6490639523975043
0.4022729715946922
0.8947097168423058
0.4876082341490848
0.4891240160105559
0.5593019902847807
0.7834424090080816
0.37208556047932545
0.0
0.2952373694312081
0.415687205718035
0.600278077150801
0.5450856379601376
0.3401270763334465
0.3208039041944283
0.7278117914760981
0.7831637944247878
0.10619794384626138
0.667164025598788
0.5299024500460593
0.8493047040037685
0.4729512569984545
0.7435242887408495
0.64166694233948
0.29865529838630234
0.7098162464991062
0.11193739605414224
0.16672767070009598
0.3801281877276832
1.0696964135320266
0.587451962332056
0.5078764817539583
0.3090940213862482
0.5590376298346054
0.30356385650036816
0.425641370196715
0.6284485227269213
0.4037341064826193
0.737036163213651
0.5063306770366556
0.6903654065738831
0.6831130762265736
0.4727922051377091
0.8381153851106274
0.20415189922226903
0.747060638998856
0.15058074410822736
0.5340585240364427
0.8689113633169397
0.4593877508625548
0.5772721331560284
0.3384279315749609
0.42241446638640034
0.35376302903340606
0.37238535627677605
0.28674907995843346
0.7379180205464493
0.5191343170678653
0.7545656091535806
0.5231566141376026
0.3539342543456639
0.4543643654413744
0.49527363156988524
0.5594881738439178
0.8112707364466831
0.9758931678943218
0.45913477054074586
0.6398021326466947
0.1340176890525442
0.606215578569024
0.20488487622469864
0.4966193522602701
0.8127760500280713
0.5529276302307441
0.4922043250135813
0.2672167330621197
0.34579379737619736
0.5296014891733812
0.7681461352951975
0.2772913079274815
0.7907242006202053
0.6315182659612533
0.8643059327871536
0.49930136586764157
0.22550239245022954
0.5217312179974957
0.3749045030957003
0.6219660101989379
0.958615737024478
0.524756497205626
0.6626759984493946
0.415680409473152
0.3502961767543714
0.7938004967418388
0.7020771601391784
0.9534322336332781
0.46365787470349706
0.12498814475628588
0.8265790661060559
0.6804492406465656
0.4492410345782779
0.5157685657352393
0.5340601119344996
0.0
0.8067046070799413
0.6367222812974509
0.23286081239790704
1.0258195708532725
0.5969766355230153
0.3849314260871492
0.45233753136578536
0.9369151793885622
0.9112359138633823
0.34614828403483067
0.42780147402610275
0.29957821504873594
0.5995094892482893
0.5885537470700921
0.6760694031867299
0.3504235608663233
0.4420867261706379
0.268420405548336
0.5981904745191784
0.33953690135363496
0.38508828565895376
0.6259165695144713
0.6327675134692085
0.8189486054757437
0.5801207165132658
0.10815308816182426
0.834290885034376
0.3782553040608987
0.545067169360597
0.0
0.5383897839782115
0.9206246758060467
0.6177516043690021
0.4280438427472083
0.4976703088293361
0.143080150338235
0.6854667141321135
0.7657767533173957
0.5297147142598
0.4500258519360065
0.6228209823539963
0.23634392600376575
0.5635438233846506
0.5267136704467612
0.6827704264278154
0.1290485617288631
0.43869643760991395
0.46340274090512495
0.4031942471405282
0.33105829548901905
0.39254042511890536
0.47812469630687465
0.4599968154138322
0.5901014852343683
0.5820368891639488
0.7458236033367406
0.4695679735853856
0.596114362334377
0.6390392700642498
0.4167287031234749
0.7017698362343612
0.27178803401361507
0.607482837944955
0.4498864914032613
0.8963431723013603
0.5400114545894961
0.21235216349855024
0.6035044876398997
0.5276213346446629
0.5875110679567326
0.4711880907988734
0.3556535972918398
0.82165484382826
0.9333929787460968
0.6339322296108276
0.9206436935226593
0.45530168002056426
0.6035475862692926
0.3797547204168896
0.34538515141544956
0.43928738523803
0.49052858718590875
0.330545605806623
0.7737077873800071
0.4975034843624677
0.566547682830632
0.45312136219928634
0.38017260118798235
0.26180799768484636
0.7770205095134973
0.46503651131402135
0.2962524044033138
0.818826192361418
0.6571179499367664
0.388632010092962
0.28282539811283275
0.617329482837132
0.6056907335710796
0.5501387559116371
0.5854592474432712
0.9835144883778014
0.5507757776241711
0.4561306066140594
0.6188195011200402
0.38677566025360655
0.58345105635607
0.28217644851584445
0.5251211625401307
0.4920569148711087
0.6530258471966628
0.6177690196655007
0.7136079671771669
0.5336370772455705
0.45636519684000754
0.5620193290608128
0.7270081692114657
0.3896471299884772
0.45675952413461873
0.0
0.41842850320648095
0.5768345519071114
0.38088894442521115
0.41624643756729307
0.45009518894663614
0.5984431783131461
0.6045370269569023
0.3071347527695668
0.43289682238391186
0.696198463395577
0.460761880906698
0.31044355791180356
0.5727790011552129
0.2441861269853214
0.5949959021922275
0.4708593628017316
0.5323640608173263
0.5396244300616613
0.5522775940560595
0.642132009403062
0.5443048366782771
0.41170013167806946
0.5165919150403984
0.2654430738795584
0.8684741259112874
0.5422445159577272
0.24875399870667558
0.5030193989447833
0.3783963895311067
0.4279370225289456
0.4285091621519336
1.0562831684788194
0.6605407263885342
0.4272573104402447
0.5937819176758853
0.4432911395596823
0.5454031039087668
0.5173354547924925
0.6266252568155835
0.6507936152333442
0.46708033632120477
0.44680137262964786
0.4635019781819256
0.3597785927775228
0.16123344055337485
0.6613920207428818
0.3610958351676755
0.32410229013900216
0.4716866833854007
0.5270126708713223
0.21270729057103505
0.42822521561963345
0.26525694351651924
0.6882673729278418
0.3381816637526801
0.33862135411411554
0.42000610006380185
0.2129564435552978
0.4560372709591879
0.28195967991579757
0.6917181476280561
0.3548986430697008
0.4423371999380802
0.637158667836504
0.6957370929521963
0.37559756074475015
0.4808687586900041
0.23689813050412947
0.9693440639935309
0.6804479162279979
0.4120209952137603
0.47383483545810434
0.5517709312994395
0.29059641321770596
0.8916866611137604
0.5583780231234282
0.5216555657946729
0.6051642455580226
0.3415934473735569
0.7569948767451029
0.5265234935750309
0.3979937969627312
0.28807863633824693
0.5748802807995099
0.4384495993799099
0.9322420933023743
0.6666453743608078
0.8944110775737528
0.5305051896250714
0.5486272399042496
0.8130683250850631
0.6564578887759576
0.5279778327653897
0.7045600930500022
0.7311928190732896
0.39112273781013773
0.7585261812691053
0.4191918153245473
0.5418484128533487
0.45316446242291564
0.4938126608061285
0.5337438024457898
0.43797455190960305
0.22039764003411827
0.4218884343688901
0.5007931002448007
0.5138490745872142
0.3497899543109799
0.3871082971298929
0.362268119660993
0.8365616413112715
0.45473197100843454
0.48297146637501587
0.5572008646509835
0.27369491596452283
0.33042804070317
0.5539526857848467
0.3775871438142673
0.5524507883294304
0.33386380795001125
0.7979062113146921
0.6530787187238467
0.3846457770977002
0.6823505401105674
0.6605385143698107
0.42783242210620587
0.8021930382334566
1.0259755482674255
0.30274014290352735
0.633910124778126
0.19009760483254326
0.9505407658302182
0.8375220043498548
0.22938028182510078
0.3381774496694997
0.4884792319245828
0.4444211263777648
0.4283580704530318
0.6320862547474057
0.16697376132742317
0.5654007761473812
0.3375691207034252
0.5317348160723542
0.2493164078125227
0.6491533611939689
1.0246439652625785
0.5625325929152052
0.507870054229811
0.3577755167882358
0.4840806113131064
0.6255099099315239
0.4361466453036166
0.4860898099676579
0.7043422952352075
0.5028994039696743
0.9594761104197276
0.707083370666665
0.39031821615478823
0.509214108455884
0.30967856125746607
0.5298881188323111
0.5038106199539688
0.27415723095068306
0.5009836676975966
0.6429808231238979
0.4642672360025763
0.7497027810482213
0.24095569362952388
0.8577891423339119
0.3453708489644526
0.6920240485234275
0.36275878349226076
0.6338337390926037
0.4750581668620455
0.6137207801524863
0.5540626819732266
0.19031600866751922
0.2700166613111223
0.26709109360177674
0.5661227935315272
0.5978079357534407
0.41541604263195964
0.8516933100245645
0.8586375756430283
0.4511854348926329
0.19967699786943638
0.6117235750305968
0.46508156763841413
0.5173874023371305
0.41157895884574425
0.6289812256115577
0.2178223925205522
0.4298817780070332
0.9073741273697702
0.5558110859543014
0.6148088629373177
0.6005672358875561
0.45214649037613547
0.48046274250696586
0.4450020000949759
0.9002944264522645
0.413401546525285
0.6919421059844514
0.20989479099948144
0.0
0.5125912348984285
0.0
0.4301693441792211
0.1928283963915996
0.9766201879041516
0.6368462450982192
0.2835294570381488
0.5490305620087452
0.4728882155038476
0.6831585947489631
0.3965830089392023
0.0
0.5432879543825778
0.35594038828014185
0.33200644171094257
0.30231410238627926
0.731250899306193
0.6672613651004051
0.48241774827704487
0.3062678793126919
0.3520028246698923
0.9249321974444724
0.8344138093134392
0.30605152082530573
0.5660181595304864
0.4479807651773586
0.87386468431209
0.3968989434054129
0.7156705533173405
0.656724620574956
0.5764352577783297
0.14404616142251084
0.9823327245886988
0.1804800715598901
0.6674680842684054
0.19235699097706624
0.1771143250182573
0.470716653659184
0.3793402710255682
0.9100331747938062
0.5095746726059193
0.9394676333795908
0.3992033420741471
0.4767667754832792
0.4760621278602858
0.1705638051268426
0.4672907937712859
0.41500610329664345
0.32618299215183216
0.32356648324667003
0.7934184272059712
0.5541894730695245
0.6624591343814673
0.5796058902493482
0.3919439195969314
0.3403506472784609
0.33413526407195604
0.47324614114929964
0.7110486798934802
0.35602572155887946
0.6788422242175594
0.6533178219245629
0.23641801988426298
0.41713563822584176
0.49764839054131804
0.5374498754795467
0.4688087137602096
0.12275017804555337
0.4733933459037003
1.017141826844065
0.5391986173228084
0.806533118959181
0.5760194360944659
0.6741063517332784
0.9802394159251602
0.9789298618808266
1.0311897075676777
0.7427505684374027
0.6729646812738906
0.35353585514960617
0.687788918045465
0.47964951016343904
0.2547978928098242
0.6889245922247137
0.705811444069406
0.3320705071837935
1.0258274431079784
0.8231219911748167
0.6160298465556677
0.3389165721772025
0.27303073516224363
0.4703495994442831
0.5931116792982498
0.7700024203665116
0.8421108397787691
0.423001917747438
0.36787638987292565
0.49094368640325864
0.3050283411733599
0.8475396133411738
0.3159100944159059
0.324347787766749
0.9900963185497144
0.21981197415698345
1.0544545638945644
0.5637973590560814
0.9977147330730028
0.8836080349973412
0.4809035200165912
0.6153208710730673
0.4447316897388556
0.45409384643884426
0.5849434520918015
0.9753720028867214
0.373775065064825
0.0
0.41613431354513997
0.0
0.7391151778637374
0.7554998348376112
0.5392264919804346
0.6949099649658601
0.679071867757712
0.7084673750059549
0.6398446614689887
0.6992003515559027
1.0460211283637548
0.995176577916937
0.759676553522779
0.10576506346368032
0.4178719254042286
0.5193342307511511
0.5058534726785261
0.11705766522644813
0.397393494455769
0.34011879085206703
0.41542925881296305
0.7199578346497271
0.8270329260328881
0.31386506637337336
1.0151702246289294
0.743745511312682
0.5539120771000249
0.5622576148673423
0.45596011927422164
0.3161704049062348
0.5524042898778764
0.638904753769916
0.6037730954893291
0.29623608143656677
0.6465456348285306
0.669367727002117
0.9189366630846908
0.576267701496265
0.27746793019931953
0.5223955232602243
0.7822279365140382
0.41900141670897245
0.6307096921644868
0.6014756321453101
0.24170300878195716
0.5223445698106624
0.7622691227582146
0.4710145698911762
0.6482968079385358
0.40229979832857365
0.6439407001323922
0.3931614657591878
0.24083631928602892
0.6838660041443627
0.43032007096585406
0.2877232911632182
0.513842948737295
0.5350718792760376
0.38333210931509754
0.34358237181598533
0.5559185667045868
0.35662116216125533
0.2881628908124303
0.5146066892567553
0.47176358440648647
0.8003475413516011
0.513958525172484
0.0
0.3200144024834743
0.42595183376060847
0.5885205951218262
0.4914393622515657
0.7176680330658908
0.3460940132004919
0.5038505978854614
0.9826052922325512
0.2785467858670503
0.3642116756753763
0.485159308625317
0.39480206633596276
0.31040046689375733
0.38145449602561493
0.4468141407388124
0.7775234222466701
0.22595057509792377
0.5633609591897213
0.45708828693189635
0.4175262228555984
0.3946471573835736
0.9032196988465256
0.43433204572589773
0.295854702002008
0.5859786376784704
0.5212769687216829
0.17438009559306983
0.7758204053311142
0.42465951303565247
0.49035735177106476
0.20436935248607463
0.6557049519550645
0.16791107996090232
0.7738882010821794
0.3209644229441338
0.6887376217174258
0.5188315108908252
0.5306144620774088
0.6539611699755842
0.6076739591743119
0.6149855485760521
0.45965125695723974
0.6024442044695391
0.4576435263777354
0.7630201370198683
0.468053278423879
0.43693181086706
0.6181224227502262
0.5512865125378874
0.7559032759857723
0.3096990534025928
0.3281630161964289
0.5426229742916204
0.2757042297588428
0.21924416835884036
0.45077912078903143
0.26233807978841384
1.0204364005894173
0.3866761497191401
0.23563229044626796
0.9381914727721816
0.5536632824360753
0.4189817019613732
0.5836659184321076
1.0349627538952406
0.6858406647330173
0.6546292419497449
0.6879184274042731
0.3450185921511191
0.25605752125079295
0.48096495744584744
0.6820488121565287
0.48339149827335126
0.5968091889229067
0.6619321047548979
0.5240915038119981
0.7507142423040003
0.7239431075987629
0.48242105137351204
0.720086078481437
0.8125299642420161
0.7280004866338827
0.27542354156543913
0.4438649432403318
0.24299801096018372
0.2969202991807024
0.2262861165000499
0.6879860510632494
0.6638976514169541
0.26306101909558544
0.4840866445168027
0.9280477928228595
0.642224358071004
0.5247251119179149
0.39824897979630114
0.6540895533915504
0.5674352458185609
1.098444532008201
0.2887960358768401
0.6827019636055338
0.25192168010973404
0.5275129208823652
0.6736601733617219
0.29051255563750644
0.5233436235420559
0.5801042703301673
0.9218643074758964
0.4433550193799739
0.5970547086155411
0.6219557000597108
0.3615841438218286
0.5838632617683541
0.407150742894247
0.7891148705763209
0.8043361611367523
0.574826482922543
0.4903085151343614
0.5107908551352371
0.573441850730064
0.6142023548199015
0.8500286053279141
0.34783988324782356
0.5071451743943354
0.24775946448726238
0.6710276199859861
0.18340874812743388
0.6177423771571503
0.3827860496763978
0.07497553340553012
0.24679547450641673
0.9745216368371667
0.5685041201407635
0.5141311997418302
1.0450675463889574
0.3293820517675561
0.6694929325625311
0.5233078480680554
0.3199494768407936
0.5872102456941772
0.4879874166519973
0.7419413910957608
0.6452388838471226
0.5932505828287953
0.39398689168780104
0.5045387073367115
0.9722075052030954
0.8382169381117208
0.25144727556724034
0.3972585535066327
0.5310210272806739
0.21764425520924272
0.3482465517596479
0.19551381623052705
0.4583327299673996
0.4119660552394508
0.3881209365696755
0.6541019040317482
0.2607111938334026
0.84084093767343
0.5389666270149501
0.35089736625983936
0.5203262368503782
0.45704450667317154
0.6365998363375377
0.39323040681804927
0.5834075624384085
0.6949346357787136
0.329844173279143
0.6022541912227588
0.5778356115918091
0.5501150778556099
0.5623648644688697
0.5354348385819406
0.5873894756311503
0.4424642146389768
0.21774673317801982
0.5172676018793861
0.6125051520783535
0.7288668814110199
0.25146466862490024
0.474897741052088
0.32558293903902935
0.6348047771318409
0.642447279059936
0.2244653921283534
0.4773230659657805
0.5069493593121959
0.6421112823587506
0.34176508608666123
0.3464934257150311
0.63665540964799
0.4357362187077306
1.0092142647345166
0.44926144081975394
0.20787284592293648
0.9510744546652578
1.002072980369493
0.7746504594605281
0.3675122888610136
0.6567180454933295
0.32863103856440923
0.3603854033097917
0.7723041416997823
0.4330796520944331
0.6044925804198112
0.6281399195615943
0.4688097904633782
0.15779223586250568
0.5370423629503416
0.46669325010607926
0.33338344647441853
0.1860906213203215
0.526241045038406
0.23529155658966017
0.5601653984436499
0.6319610302413902
0.0
0.27390651342093275
0.8118382315535811
0.27506279823232105
0.749121714949831
0.36037356217362027
0.4667670552237854
0.2719563447423773
0.3276631071313752
0.6014824520198689
0.3301876036935289
0.34590355931319006
0.3002165273408643
0.6814917505512748
0.6995649659673044
0.5761878930527089
0.10469628099701159
0.44728832882129477
0.29243536008239374
0.4885131869828901
0.5706566709533807
0.32508164267617357
0.41696016042081435
0.45707296156261673
0.6773551468373746
0.7505489945699247
0.5714329640049024
0.8308215862417161
0.10765174082839982
0.8692991806234024
0.2911401467992947
0.0859579899211661
0.3171960917185453
0.4366081283267376
0.22321645403322019
0.6950891117189584
0.4421896239539782
0.5711463539331222
0.8941855753491258
0.6558514313674524
0.4346289239352292
0.3963437035102097
0.5659354140551475
0.27182375228390926
0.141507219010079
0.6129321512515759
0.6211141559932625
0.5865366414963655
0.543431109824556
0.26605710408500793
1.0354284743807816
0.6764168727223286
1.0086939374189101
0.4727126088365795
0.5737503342646243
0.430989269168248
0.3712452275142825
0.7269152317259118
0.4442657955194162
0.7048299738782063
0.0
0.41223291216267016
0.49302025818490886
0.7379813163895683
0.54712489546903
0.44720820494697977
0.4398887816844099
0.5608029172592491
0.5379781965594774
0.5109354784459255
0.8020513423235381
0.551066419622148
0.8420225103711476
0.6148358522352232
0.5306884024076489
0.3630207316437563
0.3922150475687309
0.2910965190063446
0.3844057187443985
0.33913372416087656
0.38789579579476025
0.7316351150743142
0.34354314488293125
0.27752755454750533
0.5357215548197267
0.7514821392932982
0.74841526077593
0.7988823365407789
1.021212445347693
0.3743110327658372
0.4458298302194598
0.5130887549464489
0.5469495962361498
0.39696923488217073
0.6861963214117647
0.5009767348572077
0.612880042593153
0.2640474038997955
0.378174355002277
0.6647791015434287
0.631621537845145
0.0
0.38620385902335685
0.6649287782428275
0.5328932018505791
0.5106567591122024
0.7448460143059422
0.6226328262938584
0.4074065502422422
0.2095014162683723
0.3631587961873611
0.3719024919033288
0.9724963913384794
0.5473188462549575
1.0128534206131787
0.4691680009100292
0.6716668763362893
0.5633317630831182
0.46699367727725727
0.5096909052967983
0.8354990309762722
0.6342493440145652
0.5215454408542312
0.3251427083997277
0.5735364604656723
0.5053030350196617
0.35727649126259303
0.6663804419763272
0.605169119277937
