0.12661704935282048
0.0
0.0
0.2290079910513549
0.0
0.0
0.0
0.0
0.0
0.0
0.0
0.0
0.0
0.0
0.0
0.0
0.0
0.20984628451959292
0.20111851357711968
0.0
0.0
0.0
0.0
0.0
0.0
0.0
0.0
0.36333168953878237
0.0
0.0
0.0
0.2929244821741201
0.0
0.0
0.0
0.0
0.0
0.0
0.0
0.0
0.0
0.0
0.0
0.0
0.2862096174827269
0.10892248716391578
0.0
0.0
0.0
0.11184576917490978
0.0
0.0
0.10668571134346956
0.0
0.0
0.0
0.0
0.0
0.0
0.0
0.0
0.0
0.0
0.0
0.0
0.0
0.0
0.0
0.0
0.0
0.0
0.0
0.0
0.08980381241613475
0.24687544375983508
0.10171870898830374
0.0
0.0
0.0
0.0
0.0
0.0
0.0
0.08495323922399921
0.5908836970927682
0.1421879861461856
0.0
0.0
0.2589489585351631
0.0
0.0
0.0
0.0
0.0
0.0
0.0
0.0
0.0
0.0
0.0
0.0
0.3193059194609028
0.0
0.0
0.8249752421194685
0.0
0.0
0.0
0.0
0.0
0.0
0.37063392377770915
0.18554348060511072
0.0
0.0
0.0
0.0
0.26098560658242953
0.0
0.0
0.0
0.0
0.11564490876278904
0.0
0.0
0.20689954545486655
0.0
0.0
0.0
0.0
0.38474862143553534
0.0
0.0
0.0
0.0
0.0
0.21765456675187422
0.26371320330602405
0.0
0.39947920356264954
0.6648838171298564
0.0
0.0
0.0
0.5737703772489723
0.0
0.0
0.8343218266468537
0.0
0.4840458313606656
0.0
0.0
0.0
0.44639161746158795
0.0
0.0
0.0
0.0
0.0
0.22507467201073864
0.0
0.0
0.0
0.0
0.0
0.0
0.0
0.0
0.0
0.0
0.2646276267084411
0.18986457787798694
0.0
0.11249304998230507
0.0
0.3832083387857837
0.0
0.0
0.0
0.5655766774304153
0.0
0.33200353033987606
0.0
0.17944391640509566
0.0
0.22661867267449406
0.17071987849688858
0.0
0.0
0.0
0.38543884253017086
0.0
0.0
0.0
0.0
0.0
0.0
0.0
0.0
0.0
0.11348045654489443
0.0
0.0
0.0
0.0
0.0
0.0
0.0
0.0
0.0
0.1421894599725406
0.0
0.0
0.0
0.0
0.0
0.11626603134757735
0.44069800408345344
0.5188677043753888
0.19894434535571315
0.21853827094345357
0.0
0.0
0.0
0.0
0.0
0.0
0.0
0.0
0.0
0.0
0.09376447150787283
0.0
0.0
0.41885254662491417
0.0
0.0
0.1559064536562072
0.32034517508315924
0.0
0.0
0.0
0.0
0.0
0.17316060417228452
0.0
0.5085276418288179
0.15968396085475106
0.0
0.0
0.0
0.0
0.24864241506322557
0.0
0.07639712615402158
0.0
0.42192120668396826
0.2809709254194993
0.6902412515826404
0.0
0.0
0.11715302864760363
0.0
0.0
0.0
0.6279350465816821
0.0
0.0
0.0
0.0948657116396476
0.11807715753824344
0.0
0.18536800230762374
0.0
0.22258616190446018
0.1227976161220791
0.0
0.21609363562189424
0.0
0.5270655705675791
0.0
0.0
0.0
0.0
0.0
0.0
0.2599721392648964
0.3500665632855403
0.0
0.3053162773731148
0.06568318909640054
0.0
0.0
0.0
0.0
0.0
0.0
0.0
0.0
0.0
0.0
0.0
0.0
0.0
0.0
0.0
0.0
0.0
0.4865856174469985
0.0
0.0
0.11452597339362587
0.0
0.0
0.0
0.17228452798050486
0.0
0.0
0.0
0.49510416383864614
0.0
0.0
0.0
0.0
0.1801140617424382
0.0
0.0
0.0
0.0
0.0
0.23413685414697566
0.0
0.0
0.0
0.0
0.0
0.0
0.0
0.0
0.4989275387884482
0.33239210726351365
0.0
0.0
0.0
0.0
0.0
0.0
0.0
0.0
0.5732296001958944
0.0839132445668265
0.0
0.0
0.0
0.0
0.04171826832164988
0.0
0.6323840773462877
0.0
0.0
0.0
0.0
0.068342091528448
0.0
0.09555429009241777
0.0
0.0
0.0
0.0
0.0
0.0
0.0
0.0
0.0
0.2164504906045745
0.0
0.0
0.22921743057661925
0.0
0.0
0.17543534293740876
0.0
0.0
0.0
0.0
0.1766795776065174
0.0
0.0
0.0
0.2025016945186996
0.0
0.0
0.0
0.0
0.0
0.0
0.0
0.0
0.0
0.0
0.07722959174202398
0.0
0.0
0.319137107633259
0.0
0.0
0.0
0.4469333099752384
0.0
0.0
0.0
0.13310370305480881
0.5793475251831866
0.0
0.27703692304415706
0.0
0.7834287439143837
0.0
0.0
0.0
0.0
0.0
0.0
0.16859434312738705
0.0
0.0
0.0
0.0
0.0
0.3566506521377895
0.0
0.0
0.0
0.0
0.0
0.0
0.0
0.2700980287440655
0.0
0.0
0.0
0.0
0.0
0.0
0.1697296075633153
0.0
0.0
0.0
0.0
0.0
0.0
0.0
0.0
0.0
0.10527958256782968
0.14393032670448858
0.0
0.0
0.0
0.0
0.0
0.0998053304618278
0.10667314464629635
0.13112645043583654
0.12968990419069734
0.0
0.5116943520285653
0.0
0.0
0.0
0.0
0.0
0.26868153009853846
0.0
0.12172540267192178
0.0
0.0
0.0
0.0
0.0
0.0
0.0
0.0
0.441697185112648
0.0
0.0
0.0
0.8899745810801334
0.0
0.0
0.0
0.0
0.0
0.0
0.9062116971877503
0.14865742518455632
0.7956640410481817
0.0
0.0
0.0
0.0
0.3192014550318181
0.0
0.453429488655698
0.0
0.0
0.0
0.31355688699935175
0.0
0.0
0.0
0.0
0.307188907466193
0.45831532939396713
0.0
0.0
0.0
0.0
0.0
0.2589880697278925
0.19994867242603118
0.0
0.12233418204659846
0.0
0.05609387298255744
0.0
0.21992401713804044
0.0
0.0
0.0
0.0
0.0
0.0
0.0
0.0
0.0
0.0
0.0
0.0
0.0
0.0
0.26348243715291875
0.0
0.18558974268610445
0.0
0.0
0.0
0.09165048707476893
0.0
0.0
0.0
0.09384235962508675
0.0
0.0
0.0
0.2664916009275259
0.0
0.0
0.0
0.0
0.0
0.10434448982221141
0.0
0.0
0.0
0.0
0.0
0.0
0.2965553941061912
0.0
0.1432166837108767
0.22559849411526603
0.0
0.0
0.0
0.5837762010642048
0.0
0.0
0.12347215337879931
0.22539448262037876
0.0
0.10313779588403671
0.0
0.0
0.4250142063708024
0.22047577656617612
0.0
0.15725057748695845
0.0
0.5223571703508756
0.12223622535932241
0.0
0.2157554543570529
0.0
0.0
0.13991376894822116
0.1306589185162963
0.0
0.0
0.0
0.0
0.0
0.0
0.0
0.0
0.0
0.1492298086237518
0.0
0.0
0.16591090309898415
0.0
0.0
0.2024220514766084
0.0
0.7327852420992083
0.18948980228414808
0.1803177004463442
0.23469303533711536
0.6917288968258728
0.0
0.0
0.5167715836724829
0.0
0.17617977784111166
0.0
0.7750228699347163
0.0
0.0
0.0
0.0
0.0
0.0
0.0
0.18520516430886283
0.1296356567475626
0.0
0.0
0.0
0.0
0.0
0.2400470299277741
0.0
0.0
0.0
0.0
0.0
0.06765357312992507
0.0
0.6321402079422368
0.0
0.290318634950849
0.0
0.42329267069133314
0.0
0.0
0.0
0.04730121552776123
0.0
0.0
0.0
0.0
0.11840801441301456
0.0
0.0
0.0
0.0
0.0
0.0
0.0
0.0
0.0
0.0
0.0
0.25499850817183944
0.0
0.0
0.0
0.0
0.0
0.0
0.21605010246954548
0.0
0.0
0.0
0.25566841678457386
0.0
0.0
0.0
1.008274723927433
0.0
0.0
0.0
0.0
0.0
0.0
0.0
0.0
0.0
0.0
0.08047378541243651
0.0
0.0
0.2520857408110643
0.31281653581767094
0.0
0.0
0.10822953792525795
0.0
0.25337309860103385
0.0
0.0
0.0
0.20099821054523084
0.6585600838985985
0.10719590367729687
0.0
0.0
0.34083825224697495
0.0
0.0
0.0
0.0
0.0
0.0
0.0
0.0
0.30956747488002595
0.0
0.0
0.0
0.0
0.0
0.11719734536040838
0.21548300406338872
0.0
0.0
0.0
0.0
0.30853945975974517
0.0
0.0
0.0
0.0
0.0
0.0
0.3090224817632853
0.0
0.28273666748132464
0.0
0.0
0.0
0.0
0.4577949004729302
0.19406825915480314
0.0
0.0
0.0
0.0
0.0
0.0
0.0
0.0
0.0
0.0
0.0
0.0
0.0
0.0
0.0
0.0
0.0
0.0
0.0
0.08525219090454116
0.0
0.0
0.0
0.0
0.30076780786371227
0.0
0.0
0.0
0.0
0.0
0.2352757384473104
0.0
0.0
0.0
0.0
0.0
0.0
0.26164747707722574
0.0
0.0
0.0
0.2870178526243535
0.0
0.0
0.0
0.0
0.0
0.0
0.0
0.08048135949237606
0.0
0.2362168408105494
0.0
0.0
0.4975860857099613
0.046483636257132
0.281165819906118
0.0
0.0
0.46470469862289615
0.0
0.0
0.1933811740280847
0.0
0.09616794131951162
0.30661436138298015
0.0
0.0
0.0
0.0
0.11597955632850607
0.0
0.0
0.0
0.0
0.0
0.14958000078611525
0.0
0.10257252502887665
0.3934237562545334
0.0
0.06419330432018389
0.0
0.0
0.1143502125547346
0.0
0.0
0.24326194408766189
0.0
0.0
0.0
0.0
0.0
0.08610597965887094
0.0
0.0
0.0
0.0
0.0
0.0
0.0
0.0
0.08990318408353705
0.0
0.0
0.0
0.0
0.310126868984788
0.06779779656771372
0.0
0.0
0.0
0.5934926954329188
0.0
0.15721926501601088
0.0
0.5687663048048305
0.0
0.368207409997039
0.0
0.0
0.0
0.08738920531868655
0.0
0.0
0.0
0.0
0.0
0.07840427502658526
0.0
0.255321483576547
0.0
0.3084245152956885
0.0
0.0
0.0
0.3314706018062036
0.0
0.014646208371509213
0.4488376635857892
0.4268360513098372
0.0
0.0
0.0
0.0
0.0
0.0
0.0
0.0
0.0
0.11686511317254286
0.0
0.0
0.0
0.0
0.0
0.0
0.0
0.0
0.0895156218184413
0.15625236605020584
0.0
0.0
0.0
0.0
0.0
0.0
0.0
0.7240653545544254
0.0
0.0
0.09348747279734401
0.0
0.0
0.0
0.0
0.0
0.0
0.2219692792519864
0.0
0.0
0.0
0.0
0.0
0.13872173656553508
0.0
0.0
0.0
0.512111429360517
0.7288489453528876
0.20577400795391126
0.0
0.0
0.41605796658489536
0.0
0.23389227276149047
0.1140550360944351
0.0
0.0
0.0
0.0
0.0
0.0
0.0
0.0
0.0
0.41890323192697504
0.0
0.17207153463235178
0.0
0.21464596747951165
0.0
0.0
0.0
0.0
0.0
0.27031818321668183
0.0
0.0
0.0
0.0
0.0
0.0
0.0
0.12239589719611565
0.0
0.197009904911068
0.0
0.0
0.0
0.13327099409566046
0.0
0.0
0.0
0.0
0.4435263928078916
0.0
0.0
0.0
0.0
0.0
0.2834355545794464
0.3956161437962132
0.0
0.0
0.0
