1.0736094482114016
0.6257812042957251
0.9200761491932102
0.8281937815234741
0.7017858557494769
0.925030587442782
0.6740123530806188
0.9484264301506777
0.9293727976256226
0.5868946707925696
0.5678166122427758
1.0507965166827498
0.7260491365662498
0.5097236717699489
0.7768429235181167
0.9385156025334275
0.9332695266672422
0.17685774030640916
1.1067093365220888
0.5005612859446996
0.7699948576644075
0.9603187138130007
0.46931079266288833
0.7196653880646016
0.6784841268026427
0.7712452399640002
0.8905885676366238
0.933465344312617
1.101925957276069
0.5393272858994753
0.5942068159807341
0.6011973779387738
1.2104669058587267
0.9344357611777548
0.6760622355078975
0.5069267063229281
0.0
0.7873437666222664
0.0
0.7963131954838922
0.9440623933789317
0.5109891274037505
0.4329615051663256
1.1398956563198568
0.7411142299089568
0.6108655407224695
0.685747714531345
0.6719417679512267
0.7510597907902257
0.6772713068586925
0.6569238282524046
0.6978456110518436
0.871677006001802
0.6759858624753746
0.7671950255025286
0.2651411031634808
0.6378517198055205
0.8724471286478177
0.5507531017026269
0.3070820277961471
0.9180113375415131
0.5687496863078995
0.7550826287185884
0.5436299811312784
0.5629738324331238
0.7314441100709358
0.2942115064124571
0.8234715024903627
0.10733627758760236
0.6295292085426347
0.7579630020822414
0.6986901616496688
0.47170812496290504
0.470197221297845
0.6368732755327322
0.7292588666344487
0.6037038068922566
0.38592742809322766
0.5767505242677069
1.2116331214300031
0.485366912422238
0.6549558925384821
0.7013829688481157
0.17169888157630508
0.7451295736572419
0.6509208054877301
0.48544401511542856
1.0759850467148646
1.0750427106686646
0.9560136812208574
1.2367502678166193
0.5802630692602191
0.36145252113980764
1.300303021475907
0.8948951159925899
0.4731347193956511
0.47429783352612015
0.46133540043284527
0.6764933272955812
1.0283396190240326
0.907999964936181
0.8237391682118564
0.15885239926209904
0.973137473079162
0.662199967683475
0.6307153745234524
0.6465351770526667
0.5895781271189623
0.7724128327880878
0.8115123807553765
0.6955855514918654
0.5248103849826138
0.7564354840243245
1.1459871008440694
0.6832454580416508
0.5204066890132666
0.6101318191999097
0.6999896424489738
0.5931974985090561
0.5647447437408659
0.6943967136972561
0.13725952023445886
0.6507670505565558
0.6664361121177171
0.8447778765021918
0.9634465789675097
0.7521272837783144
0.6677271780620715
0.6043231635691366
0.7755816806906414
0.4452037674323038
0.6796792557456548
1.0342378511617278
0.7488523742240688
0.5197416605817783
0.6044356885694326
0.6251028650649125
0.40196518593777775
0.6164264127681992
0.8466892784179527
0.5425702495675043
0.5965793266167585
0.9848128195036856
0.7421544898594377
0.6914206498028913
0.9957453251535991
0.38957346132646775
0.0
0.5231158196819843
0.7059592589886018
0.7706957312031657
0.7027709008958235
0.9712621740721831
0.5666277896948843
0.0
1.1613184304101303
1.1702985855862815
0.5971336219407086
1.1938911648339063
0.6366623428292567
0.8247277694131789
1.2270959522862257
0.6980539266053913
0.6328288375082908
0.5806356189102101
0.3285332698218866
0.6564855524763351
0.441612827116423
0.7496901242187453
0.6142459411281438
0.8036527103962077
1.0136373466080184
0.713626920367249
0.719183179889901
0.1753786042931033
0.5540351378002348
0.5026614287207035
0.4300774218089655
1.0690596403399049
0.9865992021119949
0.5744190028451726
0.0
0.7591671299347393
0.361905130576105
0.8601547743728749
0.6572612394439583
0.7532793644118332
0.7456488718970152
0.8643830894693776
0.49253339627741455
0.7530434722079334
0.3829354356578547
0.6067310086531734
0.4795095962957615
0.6425246961470488
0.21992138668649105
1.1507642463571732
0.7622525737155806
0.6135038430889995
0.5490230632845273
0.5588163190860684
0.9425207738638491
0.889161607755831
0.8819922043440055
0.8002453241467022
0.7636818308577044
0.6996594718886262
0.9253603491402587
0.7845344207446073
0.6699357918242999
0.7052285791005701
0.38772634287247826
0.43666835735967735
0.70649689644958
0.37087793793613744
0.5125519423539522
0.8080552503763364
0.49396395671112486
0.6495525540628563
0.5677716733872382
0.8809914576877539
0.7681042663721837
0.7125220512582915
0.4812836230819341
0.588753654977243
0.691754682547057
0.9044399209301544
0.6436915895712501
0.683619752179231
0.6884772093553415
0.7629421555879126
0.6280038296394035
1.027288204172391
0.1736151978906188
1.106422315486856
1.0598459153905506
0.0
1.0811665696995656
0.5709745224052964
0.5018091767962309
0.8128626668476813
1.0694240964018813
0.5545034865341807
0.7606886862575378
0.6883696466344494
0.7215116892583037
0.9756047894016863
0.7317174063811577
0.5194671957412025
0.14146808693261625
0.7930797831027226
0.6374273337368095
0.7873782222868343
0.5128092926613816
0.9386114248804714
0.8292319055846061
0.4976041193678343
0.7962905878101322
0.7591798789145013
0.48625111779284913
0.8624150791049386
0.7143363522329019
0.6716122066556303
0.6043057578030626
0.7093870807601809
0.511102282968401
0.7345403419441856
1.0079558660995622
0.7463348412450469
0.4963818683908195
0.6228271084668549
0.7743423116774096
0.6588584019349979
0.8649406467998236
0.6012086329120377
0.7692958403546908
0.7557913199128459
0.5631140148003333
0.5573375960884934
0.044620485105802445
0.6927163956208418
0.5358047874868865
0.8883904166556387
0.5020884110062692
1.1606202874739342
0.6506975580434644
0.578159536231126
0.5551536761906227
0.7375948523823593
0.5622176008561159
0.9293837353012403
0.7886047970046941
0.6975909777457453
0.689218006343701
0.6908710094901654
0.48112919484604516
0.5654383606992013
0.0
0.9111929340520213
0.6766599762843934
0.5294695527432345
0.6931446732071661
0.22557876032107566
0.5694380953676625
0.6127313502322898
0.6640000779617296
0.43535355310822543
0.2569641366370292
0.9260025177696225
0.0
0.48556714291737374
0.8103732833419633
0.9369015550849211
0.5794697183798194
0.0
0.8776922315214515
0.8622722912753288
0.5717747143099752
0.5458422869529564
0.532244362358657
0.8271881395028644
0.6670831200412244
0.44692910992617485
0.5563631793556639
0.6325198158345866
0.5651891395523676
0.9701027726451876
0.7086913042357138
0.9260093162983798
1.0561553535673815
0.6196025188615102
0.695668352468683
1.203074484537559
0.6749859444156847
0.6353826026049866
0.5819355459074047
0.5586289615189626
0.8978404265459722
0.7291332783863188
0.4079595311510803
1.2356933215255732
0.4919377433101598
0.867861828693703
0.3112778825464429
0.6698923079554594
0.7463342445902913
0.9610038368626235
0.7828571622241485
0.4465719263997464
0.6385127201372057
0.7624681095800145
0.43516449397257084
0.7744956863719427
0.8545688187228186
0.9193678258627667
0.4470815652269199
0.6668563336211804
1.1364018722240121
0.7326807470262507
0.5847689522169773
0.46180123941293516
0.565546679930358
0.6880683415003239
0.48290437538788666
0.6471825398052352
0.6942468452117156
0.668577672784485
0.5467855282758278
0.6978400786713944
0.602591973748048
0.4877714914913368
0.5715456283478266
0.4974510096551748
0.5701606731357366
0.6808444829475297
0.6014547595926015
0.38924951755793896
0.47387663992359225
0.6476398306161073
0.5153519832030792
0.634665909570716
0.5692096750814991
0.6562243227659338
0.49527155895408725
0.8427608592389846
1.0547300151848416
0.8061190789003956
0.850187480632039
0.5689262064555386
0.9622903084723435
0.5087621492830244
0.6101889813109904
1.0878351774653061
0.46693945515303487
1.2509741383132258
0.7601059450655259
0.6991301008552792
0.6141563846041332
0.5880044630453322
0.8440086501063799
0.6428938794114456
0.6104330503630138
0.39335048988027366
0.7450338472806927
0.6533485111550394
0.26955767992763013
0.5361567854952209
0.7719824510343785
0.9974678555721394
0.4761395522460611
1.096170758442977
0.5634903982094959
0.8010216718652816
1.0327552783331058
0.7099935923096822
0.42852356317385415
0.5918221094332847
0.4821621664327062
0.24463668169367844
0.6692188801794253
0.8304281510584944
0.7412009550330294
0.5190957212646301
0.6143742212475833
0.7638602681230933
0.557801526052434
0.7960005624246596
0.6583939054999445
0.6999054074649488
1.0893923993640815
0.5751627071269648
1.0320157600003435
0.3162970065059366
0.7673968156215919
0.49281136228342093
0.8618818957070357
0.7387096454104962
0.8732692593494837
0.5802459550865605
0.8210517967436192
0.6897807017489974
0.6369453925621625
0.6402993673491875
0.5382623485777536
0.8236342630650862
0.5399480836524229
0.7465548021930752
0.5613446668087871
1.0748802379783249
1.1180050288072003
0.988499553098344
0.6455758347515993
0.6859155891504808
0.674696747301618
0.8710093856931713
0.7353057968547956
0.11204460681226111
0.6327492307842405
0.900058332563787
0.7310890300213565
0.8130839590422171
0.717307914829904
0.7870030594040344
1.0396667976504868
0.43191972972777753
0.460608031442641
1.0413331852536043
0.5695148882414459
0.2729460178886203
0.8314528614878529
0.689640741928769
1.0508397966251146
0.587619822740044
0.4509775935987851
0.5709258317700261
1.1107810506231615
0.4144518474394085
0.8972632265401861
0.4583743136568252
0.5856802242013707
0.6100382055232263
0.897083047439789
0.464472105498242
0.14244187401313796
0.5108290175505509
0.5601387038491134
0.9194312462539048
0.7560726191035094
1.0569711469743868
1.0607554037783395
0.6331666280491981
0.7325112670730127
0.9675307017946106
0.9712812608399255
0.6568566847474409
0.5030762299416022
0.2327265407609146
0.9600816542531018
0.873976470905354
0.16625319052587312
0.0
0.7342328188262532
0.5604867381217286
0.975828703617354
1.2938639327565034
0.864925373345908
0.7044445359941556
0.5434056892750936
0.5006775898736749
0.10326975498546102
1.0059969995130869
0.6672106405033824
1.0289475496263318
0.7279072746842046
0.44496146815759136
0.6608004435338236
0.2850374212626372
0.6504647465378058
0.676048919035497
0.6676336778619694
1.1039535236620515
0.890769145927126
0.7313114545606006
0.8172241604620384
0.6708362760762301
0.5202231439505463
0.8627055797795036
0.751981388154409
0.9301535510504424
1.0676950416602027
0.13052892265802768
0.9010086203011991
0.8907437665279713
0.9719586443690047
1.0427001702008931
0.6695306700287678
0.33551184939139067
0.26086624481091225
0.6011861736824115
1.1159847841502322
1.0351736382894494
0.7403749928681932
0.9324582207567527
0.6641247971448377
1.118150156090547
0.9974583642777525
1.1361443697858136
1.192373252919014
0.9809713998295388
0.7496098072728165
0.9410463564171435
0.4108134668802743
0.8294712016178056
0.8619397388271517
0.4377864097250844
0.64620968312597
0.6645632621385971
1.2470163210125527
0.938268286662634
0.6482893866024684
0.6588901302920118
0.5815229346920835
0.7365487226684831
0.7885547704144545
0.9035931721635899
0.9286777271949174
0.8161860823109315
0.9086207805583263
0.6743275197174184
0.5333181391835927
0.5301736327364963
0.8145299093619782
0.48865418205712474
1.2453093706024378
0.7357329338443639
1.527142312037491
0.7024194298340959
1.19753003623817
0.8895657282574834
0.49418269983176655
0.5322058296098662
0.41380492913789296
0.47846943305744816
0.8669654315370233
1.0696137528637537
0.6790729889784772
0.5339758506446164
0.49926013583675233
0.941334449403348
0.8006671464480596
0.7587530327501548
0.4490531963875359
0.8947385128229
0.6777654990796759
0.6224132623700256
0.5919730121169985
1.0072507071040877
1.0583040503648482
0.8796081696770081
0.0
0.7356798784962563
0.6486244852412315
0.8403037153659221
1.0055841450862524
0.5445676705291945
0.2570017645308419
0.7074130060441836
0.7007694800793136
0.9923836574194008
0.5508170152010357
0.5362616168534653
1.1625741362722442
0.800416458570909
1.0239322035567948
0.8611223132461421
0.781883580696395
0.918059879879585
0.7091618641062568
0.6708391838754624
0.4560698327653564
1.0785396912150773
1.1469787853027926
1.0579704096405902
0.8034648061882476
0.6308018764816046
0.4296660296113843
0.24767034641755092
0.6467999226061961
0.785798783856749
0.8023791555801657
0.46751999910062536
1.2559636333597786
0.5250901712651298
1.0139137976471801
0.5247690618390638
0.9334185627044048
0.3754401927797224
0.773299018262929
0.7332741446788624
0.8709794748250667
0.8423907162189733
0.6205628485109874
0.6836599759522355
0.6784872179626084
0.6045110616230203
0.8660069693585448
0.4953465013390835
0.7584292918831177
0.5847064249464651
0.8395948937791039
1.0514470484562541
0.5758691119761788
0.5081268548853038
0.561351170505456
1.0388116141165586
0.6239250278659988
0.36992620246049823
0.9362789400790617
0.9806591521387656
0.5055940944563672
0.9316646327124531
1.0228808195775565
0.867625296078969
0.7636676102271668
0.9532382298989588
0.6802101981804953
0.6741743125736244
0.7493450349937784
0.46451296512204154
0.5043957902179061
0.47171292941935544
0.9474601448044132
0.5951975541651605
0.590470356517641
0.835054361899443
0.6804764715787167
1.1936080069556139
0.4920142083957716
0.7321090861617098
0.8829276769454207
0.6006312925747437
0.7971580417975037
0.7523070938830001
0.7799454823677299
0.5935402549303987
0.5429741896016489
0.6951262269955608
0.8369128274877702
0.5870114037610509
0.6828765720508425
0.5200772431299301
0.8594272025807064
1.021294078100455
0.5068071302298541
0.7101346063956784
0.9774042110283588
0.6825138085044462
0.7439621187860487
0.8941915760308182
0.8281794300251226
0.7986225574933377
0.7893823224187029
0.37579551095934105
0.38395883426852895
0.4152079076766271
0.4277461172685817
0.5122225216416553
0.7284808476854865
0.6091199358447539
0.6114117791183558
0.766138023374324
0.48159993956922326
0.586566281356792
1.071702166598595
0.4836229996412055
0.13351546693320743
0.8805109683543194
0.6667825689144798
0.659918644136227
0.8201801463989693
0.7738812778769103
0.3052051641141678
1.2014711993777625
0.8841443305485848
1.015449767806069
0.6573223824176676
0.9640416037067628
0.5852282997615821
0.6609646021730816
0.8371491966828146
0.6650759928787708
1.073586704148031
0.5865326671448038
1.104362862897286
0.8113436958515925
1.1227322038445042
0.5681136161184334
0.8676744030218357
0.5017371384384296
0.7081855678596896
0.414012586933347
0.5558159001058078
0.5807599321333916
0.893122476878256
0.5979735269244582
0.8418481109734139
0.42398034223214426
0.9097408138088137
0.6690530524728416
0.8205964444312737
0.4982280198320169
1.2612426103920824
1.2086951230066458
0.538690308070498
0.6776981340908793
0.8878929326320406
0.7092341221846569
0.8697116779968996
1.1036371244149645
0.4795414870592595
1.2309495403801332
0.6138568123204542
0.5938590779392375
0.818416107944751
0.5682963976330043
0.5580682453132256
0.5166333776646457
0.29586862427578964
0.9235962444812772
0.8874406507454017
0.8971346516399662
1.2446122012039291
0.24772776635200278
0.49147086064737205
0.164493387015469
0.4250623442361759
0.8322786083215267
0.649432426103141
1.1418589440008213
0.9103353123308053
1.074602207969726
0.6680600161046262
0.6886220533376254
0.47752470590606755
0.3884148923069228
0.9258983352837925
0.5535056177648615
0.22690556179358387
0.5783849415210056
0.8448130182931289
0.9252808512770166
1.209926952691347
0.340688592257668
0.8019642553186289
0.8827181714900059
1.0868625476459768
0.6964877535262551
0.3330602055284695
0.5914894144296101
0.9314224790456959
1.2643051870589885
0.7952200423800152
0.6292037219414532
0.30364465022789133
0.6105924852028998
0.46412121351537394
0.9654365608113606
0.5988507351766494
0.7445838324446278
0.6074228769364629
0.4127196381439169
0.6550514235704337
0.5852600439140331
1.0831724793701003
0.5216300480752131
0.4177725550681119
0.8278241109771983
0.8151564819748058
0.6768317434946421
0.7027000457383215
0.9722921403287184
0.6815616607568873
0.6806677159122414
1.0555083748541974
1.0438859671656944
0.6928090155195104
0.49519204725206467
0.6616792891475541
0.9511385184364368
0.9641180749875445
0.7969612692010408
0.7675857540498929
0.10600879289526623
0.8526076800296339
0.3037058102375132
0.5966145527930402
0.7793772304729953
1.1841252961124946
0.7214621966534552
0.698579942360863
0.9351553021851886
0.1377336060293407
0.465887572075367
0.6522501536252999
0.21061884579052606
0.42714668630064423
0.9045284790667615
1.1908205760992598
0.6581190018132212
1.201237753869224
1.1760423396195943
0.906317366342982
0.6994906247375504
0.4147938218209579
0.12793653946644873
0.9868185034398117
0.921812945716779
0.6211388465777931
0.48836228075649724
0.8061968408461674
0.7987368630993384
0.37967800088604814
0.7714779050613105
0.5789745925495334
0.2937214455818237
0.943881811147213
0.6104689974968823
0.9978751397022501
0.6038381471680163
0.5018903657889655
0.8975667064149981
0.941699489779826
0.591637695852769
0.6434566475547024
0.9964491818706446
0.4067575470057031
0.7311769501800414
0.3479850928345525
0.6267093551095202
0.34956357718430997
0.8569546645557883
0.49217340494084083
0.5752751907022914
0.5799649316901271
0.6755939472055938
0.7022319512270546
0.36625291195200954
0.8915952510378418
0.7443049489691216
0.5573830908414832
0.5893336948772324
0.7168140294813568
0.7500755969279584
0.592221518425071
0.6801152095369813
0.9885331552227824
0.6915891737556285
0.8933712020560446
0.4428908917008397
0.6762402241966791
0.9167370249314085
0.5703103872335105
0.8040307575199781
0.7718068605891845
0.1646659680964222
0.5210298135259503
0.7974783549418059
0.5607596055259743
0.7809962378440469
0.43421925991959703
0.8049684959420721
0.4928854421203903
0.8982596842241122
1.0345562311744587
0.4582709670888101
0.7653185694891894
0.8284200904550254
0.4656801688453251
1.1870257117055418
0.6468609203821134
1.2280569039312452
0.6402742359494518
1.5294781460145765
0.1516937270921408
0.9151200178814811
0.4545016160827856
0.5348652059336095
0.43937707432216155
0.47533783139334673
0.8149928660696399
0.8507640294878867
0.617909619037754
0.9905307492007026
0.6644743918920767
0.6982754578984878
0.7732274374276162
0.7552685971683814
0.7487349340578897
0.5664634680927912
0.7121285626522481
0.8203451802668378
0.5946861022368324
0.5570947900817171
0.5693324820538439
0.6809752308660875
0.23810259354291646
0.7828677875411298
0.6702066885385958
0.5248521206945046
0.8058620889899556
0.5433044051864354
0.7001651224605174
0.3951301551646187
0.7205933409842575
0.8913724011572434
0.8597352225066972
0.560448588991257
0.7870090828810379
1.1527031619495733
0.9874826500312162
0.8817510168619814
0.4966069139075923
0.736085239856031
0.41059471949206217
0.7506250448913273
0.5286993716863958
0.8248356628182252
0.9038096359579657
0.44241728202911235
0.46285423216282157
0.4732063590197195
1.0854986650609513
0.463169025751167
0.5415192990377067
0.6376323022001523
1.009377950133432
0.5526616557003838
0.66272359469231
0.7669969826520293
0.6373759466866377
0.6032010639759713
0.7017123108646333
0.8072110159816355
1.1782646118747673
1.1654707821701547
0.7823838056900521
0.4192419139365481
0.7618834328527219
0.6516424929900557
1.159519730483873
1.1200259113550162
0.9059922269878695
0.6193777803171165
0.25917969337926994
0.6582957178856769
0.12054270378256568
0.5198357111944797
0.7648817924016753
0.7902171024347194
1.05879385820565
